LOAD data/file2.txt
NN -21 58 
RS -44 -27 -64 -45 
NN -92 -1 
RS -41 -29 -23 -21 
NN -77 89 
RS 55 64 -30 -20 
NN 34 -82 
RS -11 8 57 57 
NN 33 92 
RS -46 -26 -22 -19 
NN 16 19 
RS 40 43 -96 -86 
NN -46 84 
RS 51 53 -6 11 
NN -43 40 
RS -34 -23 77 93 
NN 12 -54 
RS 80 81 5 19 
NN -39 -54 
RS -16 -13 100 100 
NN -23 -77 
RS -14 -2 51 61 
NN -75 -56 
RS -10 6 -43 -33 
NN 77 55 
RS -29 -20 -54 -54 
NN 86 -33 
RS -70 -58 -33 -14 
NN 72 -37 
RS -53 -37 -8 -7 
NN 15 -43 
RS -25 -25 -89 -85 
NN 69 47 
RS -63 -44 -64 -49 
NN 12 71 
RS -46 -34 -37 -37 
NN 96 9 
RS 21 25 -41 -40 
NN -92 93 
RS 13 18 82 89 
EXIT
