LOAD data/file3.txt
NN -63 -35 
RS 92 94 36 48 
NN -17 76 
RS -57 -51 9 18 
NN 74 88 
RS 51 56 -56 -43 
NN 85 -94 
RS 99 99 -51 -36 
NN 8 -56 
RS 18 28 42 53 
NN -99 75 
RS 65 71 30 41 
NN -31 0 
RS -83 -73 15 24 
NN 0 -33 
RS 22 30 94 94 
NN -34 28 
RS 62 78 -34 -15 
NN 31 -34 
RS 64 74 -8 12 
NN -64 -80 
RS 92 98 42 43 
NN 15 36 
RS 63 65 -53 -47 
NN 76 77 
RS -98 -88 -46 -28 
NN -42 45 
RS 71 80 -55 -44 
NN -1 77 
RS 77 81 -14 6 
NN -89 -35 
RS -22 -12 37 55 
NN 91 58 
RS -47 -37 -4 11 
NN 38 5 
RS 87 92 -19 -13 
NN 99 -63 
RS 67 71 -4 2 
NN 19 -1 
RS -43 -37 -32 -19 
NN 29 49 
RS 51 51 36 37 
NN 20 19 
RS 59 62 -41 -23 
NN 34 15 
RS -99 -96 69 87 
NN -20 -70 
RS -41 -36 49 53 
NN 19 4 
RS 53 59 -23 -4 
NN -80 76 
RS -46 -43 58 68 
NN 90 14 
RS 55 64 89 96 
NN -2 -49 
RS -10 -6 41 56 
NN 57 -44 
RS 48 57 -62 -54 
NN 0 52 
RS 4 18 8 27 
EXIT
