LOAD data/file4.txt
NN -64 81 
RS 75 77 6 16 
NN -39 93 
RS 95 96 -43 -35 
NN 89 -67 
RS 29 38 -14 5 
NN 92 -83 
RS -53 -51 48 57 
NN 84 -72 
RS 59 65 -44 -41 
NN 23 46 
RS 23 37 70 88 
NN -100 -73 
RS 81 89 65 79 
NN 31 41 
RS -14 -9 99 100 
NN -93 -87 
RS -34 -29 -92 -77 
NN 13 22 
RS -72 -58 95 96 
NN -95 -36 
RS -71 -70 -63 -53 
NN -37 -20 
RS -18 2 64 64 
NN 16 -59 
RS -64 -44 33 36 
NN 36 100 
RS -9 3 -58 -38 
NN 52 22 
RS -88 -83 -35 -23 
NN 97 31 
RS -52 -38 71 72 
NN 6 89 
RS -18 1 -76 -71 
NN -55 10 
RS -97 -85 41 55 
NN -82 -80 
RS 37 46 -73 -73 
NN -44 54 
RS -57 -38 -69 -66 
NN -100 63 
RS 60 66 63 78 
NN -82 73 
RS -99 -89 -64 -50 
NN 65 -48 
RS -19 0 78 80 
NN -38 65 
RS -60 -43 11 29 
NN -57 26 
RS 58 65 -73 -73 
NN -89 -58 
RS 32 44 -18 -7 
NN 18 87 
RS 63 79 35 46 
NN -36 -36 
RS 15 24 4 10 
NN -23 -7 
RS 63 66 -85 -81 
NN 1 27 
RS -71 -60 20 29 
NN -15 -18 
RS -26 -19 74 91 
NN -38 -87 
RS -80 -70 41 57 
NN 64 5 
RS 96 99 -68 -67 
NN 30 76 
RS -31 -20 -6 4 
NN -69 -26 
RS 15 17 76 87 
NN -14 -49 
RS -18 0 -10 -9 
NN 63 -75 
RS 15 19 48 64 
NN -56 -95 
RS 30 46 56 67 
NN 18 -15 
RS 27 36 14 25 
NN 33 43 
RS 7 20 42 55 
NN 82 62 
RS -87 -68 33 44 
NN -76 93 
RS 31 33 97 98 
NN -22 -87 
RS 79 79 31 47 
NN -50 -53 
RS 88 98 -23 -5 
NN -6 -76 
RS -5 -4 -54 -51 
NN -43 26 
RS 80 84 -84 -66 
NN 84 88 
RS -97 -77 -60 -47 
NN 30 -78 
RS -69 -66 -66 -48 
NN -14 -10 
RS 34 47 -56 -56 
NN -90 -78 
RS -69 -58 25 39 
EXIT
