LOAD data/file5.txt
NN 158 -1528 -1428 
RS -7642 -7633 2396 2406 8939 8959 
NN 5608 -5721 5164 
RS -2811 -2800 -6932 -6913 6506 6521 
NN -1920 9619 7677 
RS -6183 -6167 -3251 -3232 3603 3605 
NN 3491 -7336 8343 
RS 2324 2344 -4192 -4186 589 600 
NN -1260 -1600 8908 
RS -6717 -6702 345 365 7571 7590 
NN -1427 -1674 -7482 
RS -1306 -1299 -9914 -9904 6172 6192 
NN 5528 -5773 -3405 
RS -5249 -5232 4931 4931 9213 9229 
NN -8737 5889 2339 
RS 5514 5531 4963 4964 -6758 -6758 
NN 2163 9812 9694 
RS -809 -804 3473 3475 -6003 -5998 
NN -6091 3613 2234 
RS 3561 3575 4709 4719 770 783 
NN -1833 -6982 -3054 
RS 230 244 5813 5814 -8095 -8086 
NN -1321 9724 -4019 
RS 5981 5982 7985 7997 7289 7299 
NN 5609 -5603 410 
RS -2296 -2279 9718 9733 -3628 -3614 
NN 8323 -2561 -6694 
RS 8599 8607 4394 4398 -94 -76 
NN -7230 3956 1629 
RS 5533 5540 -7085 -7076 -9077 -9067 
NN -1462 -676 -2440 
RS 4525 4540 -4791 -4788 -2889 -2889 
NN 507 -1810 2180 
RS -7211 -7201 9529 9538 2549 2555 
NN -2536 8276 1500 
RS 8688 8705 -4606 -4592 -2839 -2825 
NN 9293 -56 -9016 
RS -2780 -2761 -6194 -6187 -5781 -5761 
NN 3840 2841 -7217 
RS -8184 -8173 7168 7170 2330 2341 
NN -3880 -5625 -1614 
RS -2298 -2287 7239 7259 531 550 
NN 1314 -5809 7874 
RS -3089 -3082 -3478 -3471 3887 3893 
NN 2593 -9190 6278 
RS 3738 3745 3888 3899 -777 -769 
NN -1105 6581 1756 
RS 9512 9516 -4097 -4093 -2203 -2193 
NN -8616 -6091 -8006 
RS -4343 -4332 1879 1891 5709 5726 
NN 2574 -8591 676 
RS -25 -17 1013 1028 -5889 -5886 
NN 1983 9144 -3253 
RS -7120 -7101 363 365 -2823 -2803 
NN 4181 9109 -1304 
RS -3726 -3718 3237 3241 -4752 -4746 
NN -3421 -6708 9741 
RS -7211 -7211 -9774 -9773 9075 9095 
NN 3450 4522 5981 
RS -122 -121 9130 9150 -8905 -8903 
NN 7375 5370 4760 
RS -3335 -3329 8375 8390 5093 5099 
NN -4577 -9277 -1398 
RS 8474 8475 -9244 -9232 9295 9299 
NN -3527 -9163 -2598 
RS -5990 -5984 7867 7875 4191 4209 
NN -9826 1338 -2251 
RS -5431 -5418 -3237 -3222 576 582 
NN -5970 -9586 -9160 
RS -2475 -2460 4186 4192 -5832 -5814 
NN -8550 -6510 1846 
RS 9090 9104 -7490 -7488 8047 8062 
NN 9005 -7683 -3245 
RS 7625 7645 -3492 -3485 7314 7325 
NN -9377 7787 4756 
RS -7969 -7968 1683 1689 -5753 -5739 
NN 9014 7238 8677 
RS 5095 5096 4603 4610 1543 1551 
NN 4523 4902 -3057 
RS -3541 -3536 -9741 -9726 1486 1488 
NN 6913 -2062 -9187 
RS -2426 -2424 -3095 -3081 -9524 -9512 
NN 5735 -1003 3187 
RS 899 913 685 700 9464 9472 
NN -778 4130 1046 
RS 9653 9667 95 110 -197 -187 
NN -479 -2686 -9282 
RS -72 -56 -889 -887 -1296 -1294 
NN 5727 4554 -3428 
RS -5676 -5658 2146 2146 7243 7247 
NN 5755 -742 3074 
RS 2356 2356 -3877 -3864 -7817 -7807 
NN -4778 3943 -6180 
RS 6260 6264 -7098 -7095 -3033 -3018 
NN -4648 -6995 -4435 
RS 3517 3524 -7620 -7618 1914 1928 
NN -1011 -528 -4176 
RS 2592 2611 9574 9587 864 871 
NN -2099 9842 -89 
RS -2699 -2690 3159 3167 -3620 -3600 
NN -221 -8779 6355 
RS -2603 -2596 -4021 -4021 -7195 -7178 
NN 6066 4791 4424 
RS -4975 -4955 7562 7564 -5316 -5299 
NN 5722 3045 -6167 
RS 3830 3846 -875 -871 7 9 
NN 5036 -3669 913 
RS 9419 9437 5974 5988 1804 1821 
NN -505 7058 -5101 
RS 2630 2647 4091 4106 -1220 -1216 
NN 8489 -8439 -1359 
RS -6129 -6126 5640 5648 -6220 -6200 
NN -6974 9118 -2135 
RS -3073 -3065 -5135 -5131 7137 7142 
NN -4071 -2971 4855 
RS 4062 4070 -8597 -8594 4519 4527 
NN 5202 9247 7305 
RS -2215 -2213 9328 9330 3503 3509 
NN 1589 9646 8731 
RS 8594 8614 3612 3614 9780 9794 
NN -7128 -6789 -5072 
RS 923 941 -9813 -9806 3196 3202 
NN 4833 6170 208 
RS -8573 -8554 5520 5528 -565 -549 
NN -9036 -9663 1496 
RS -1026 -1013 5836 5855 540 545 
NN -357 -3456 9178 
RS -6850 -6835 -318 -318 -9664 -9664 
NN 8117 7018 4092 
RS 1528 1543 9884 9895 5175 5179 
NN -733 3639 1724 
RS 7876 7891 6223 6237 8707 8718 
NN 497 5248 -2973 
RS 4233 4250 -6741 -6732 8746 8753 
NN 5419 3034 6567 
RS -2972 -2963 2110 2122 1283 1299 
NN 1351 9023 5484 
RS 7625 7626 808 827 -2604 -2592 
NN 8962 -1053 -6848 
RS -9687 -9682 -9874 -9857 4651 4658 
NN 1081 -9091 7510 
RS 1135 1145 -7704 -7688 7167 7167 
NN -988 -3049 8605 
RS -2697 -2684 558 558 8106 8118 
NN -8026 3890 -9144 
RS 9525 9544 -4792 -4784 -9083 -9069 
NN -5724 639 3999 
RS 806 826 5708 5727 -9680 -9665 
NN 4144 6729 -3867 
RS -8167 -8160 -4961 -4954 -3787 -3768 
NN 4226 1634 -4155 
RS -2930 -2921 -1552 -1546 -3443 -3436 
NN 54 4146 -2170 
RS -6745 -6731 -4295 -4285 3180 3183 
NN -1352 -2642 -6640 
RS 6599 6612 3586 3590 1971 1975 
NN 408 -1702 -7998 
RS 43 61 -5659 -5639 9127 9144 
NN -5153 4273 -6218 
RS -7880 -7867 6810 6824 4171 4173 
NN -2140 8496 354 
RS -3803 -3786 -190 -186 -6453 -6433 
NN -7245 -977 3701 
RS 6655 6670 -257 -244 8664 8676 
NN 5700 -8343 1357 
RS -4604 -4601 -1404 -1398 6133 6145 
NN -1611 -4963 7582 
RS -1855 -1835 -3686 -3686 2918 2931 
NN -797 5919 -1223 
RS -8431 -8430 -1027 -1010 -6001 -5996 
NN 8370 -5167 5285 
RS 4546 4556 -7735 -7719 -8834 -8821 
NN 9122 -622 -1814 
RS 8116 8135 -2845 -2845 6920 6927 
NN -4888 -7666 -813 
RS -5698 -5689 -7001 -6992 -8654 -8642 
NN 9984 -8161 -6371 
RS 347 366 3687 3694 9174 9190 
NN -7590 -4602 4914 
RS -4407 -4388 -1018 -1009 -9947 -9938 
NN 8713 -4454 -9923 
RS -135 -129 2504 2504 -4711 -4709 
NN 917 -4733 94 
RS 462 469 6050 6063 -8657 -8655 
NN -852 887 1255 
RS 4397 4397 1186 1201 60 66 
NN 2177 3216 -6648 
RS 8580 8593 -364 -354 1978 1992 
NN -24 -8229 5025 
RS 3710 3711 -1893 -1885 -7171 -7152 
NN -8532 -6407 2913 
RS 1607 1626 -8698 -8694 8939 8945 
NN 5820 8589 -6263 
RS 8007 8017 8657 8674 4796 4797 
NN -8459 8850 -6922 
RS 5847 5847 -988 -976 6187 6192 
NN 7009 5760 -3488 
RS -9969 -9951 47 57 -392 -385 
NN -3855 -7306 5262 
RS 8496 8513 -7423 -7422 3970 3971 
EXIT
