LOAD data/file6.txt
NN -4775 -3142 -7545 
RS -3014 -3006 2982 3002 -6944 -6942 
NN -6295 7972 -824 
RS 3408 3413 -6239 -6220 3269 3273 
NN 1237 9219 -1961 
RS -9561 -9544 4017 4031 4601 4616 
NN 6655 -7956 9444 
RS 4294 4305 9498 9500 4609 4627 
NN -6555 -6821 5962 
RS 3540 3556 -2856 -2849 579 593 
NN -3466 -6639 3352 
RS 4893 4898 2850 2859 5981 5981 
NN -1180 4866 -9631 
RS -8032 -8024 6394 6410 -3785 -3784 
NN 9869 -5307 3377 
RS -5386 -5383 9690 9704 -7162 -7149 
NN -2582 -6156 5786 
RS 8097 8101 -594 -575 4558 4572 
NN 8570 320 -3906 
RS -6311 -6305 -2444 -2429 -1285 -1270 
NN -6845 -5334 -7301 
RS -6981 -6970 -8553 -8545 -6454 -6451 
NN 2357 9258 -7733 
RS -7393 -7390 6787 6798 8711 8731 
NN -291 9740 -6304 
RS 5067 5079 -4166 -4156 8248 8263 
NN 862 6058 9097 
RS -157 -150 -6241 -6224 -2469 -2468 
NN 526 6281 -1447 
RS -5725 -5705 5696 5708 -896 -878 
NN 6418 4685 -8067 
RS -361 -345 3595 3609 5599 5606 
NN -1479 4160 -1455 
RS 7345 7351 -5171 -5161 -8876 -8874 
NN -6311 3644 -7643 
RS 5189 5205 -9008 -8993 -6139 -6123 
NN 7436 -1023 -7351 
RS -9163 -9148 -6519 -6516 9410 9420 
NN 1097 1372 -5165 
RS -5026 -5023 1634 1645 4173 4187 
NN 7281 -2741 9144 
RS -1347 -1334 4424 4427 8427 8447 
NN 8361 6494 4313 
RS -7720 -7720 6649 6668 4607 4624 
NN 8157 -6065 -5943 
RS 4956 4969 2686 2705 -3426 -3410 
NN -1093 2139 -5731 
RS 3637 3638 743 757 6305 6319 
NN -9000 866 1690 
RS 2404 2406 6335 6354 7399 7411 
NN -9819 8559 2208 
RS -5534 -5523 -3118 -3109 5008 5010 
NN 3641 -6628 -2358 
RS -6552 -6547 -9370 -9368 -1509 -1502 
NN 461 2291 -8984 
RS -3129 -3115 -9234 -9234 -9777 -9766 
NN 6548 9257 9101 
RS 6113 6128 -597 -591 958 975 
NN -383 -7596 -1258 
RS -9357 -9337 1456 1456 9380 9385 
NN -6434 -2137 9546 
RS 5957 5961 111 131 52 63 
NN 6960 -1604 8415 
RS 2913 2924 3617 3630 -1578 -1573 
NN 945 9503 9578 
RS -9331 -9313 5922 5927 1721 1722 
NN 8671 3660 7960 
RS -8816 -8796 -8929 -8918 4500 4512 
NN -8675 7339 4596 
RS -339 -334 1146 1163 7064 7080 
NN -1473 1496 8042 
RS 5974 5994 -7551 -7550 3487 3506 
NN -3451 2082 -6686 
RS -4519 -4514 -8901 -8884 825 837 
NN 7399 3439 -5420 
RS -9436 -9423 -9522 -9505 -3455 -3455 
NN -6182 6541 4549 
RS 3386 3387 -5872 -5872 -1513 -1496 
NN -3436 -8495 2304 
RS -9973 -9972 4939 4953 5007 5017 
NN -6176 6566 6547 
RS -9641 -9624 -8061 -8055 -7586 -7566 
NN -9055 7922 -1037 
RS -1257 -1244 4252 4252 -4855 -4842 
NN 7905 -5070 5388 
RS 704 715 8036 8043 -500 -487 
NN -9779 1703 9034 
RS 1084 1094 5161 5163 -268 -250 
NN 3937 -8810 5862 
RS 8922 8930 7773 7785 4279 4296 
NN 2221 -3596 9099 
RS 1752 1766 5642 5644 5351 5369 
NN -6932 -9867 228 
RS 5601 5604 3150 3150 -3384 -3383 
NN 1708 -5132 -7083 
RS -6026 -6012 -7221 -7209 -6004 -5994 
NN 3393 -9262 9575 
RS -3846 -3829 -8659 -8651 7891 7906 
NN 8038 8217 -8590 
RS 7226 7227 -7865 -7860 5369 5385 
NN -4873 6688 1461 
RS 7289 7291 -5862 -5842 -4706 -4689 
NN 1051 -8158 -9165 
RS 9612 9623 -331 -315 2161 2170 
NN 8035 -7288 -7300 
RS 8855 8875 -2557 -2554 -9572 -9561 
NN 5485 -9665 -8340 
RS -2138 -2136 6348 6366 8703 8719 
NN 1573 -3075 2301 
RS -5245 -5228 8 13 -4408 -4401 
NN -2625 -5310 -9938 
RS -7856 -7842 -9984 -9970 5242 5242 
NN 2899 221 -8469 
RS -143 -130 -9542 -9528 4077 4078 
NN -3530 -9932 -5685 
RS 1511 1531 -5332 -5316 -5906 -5903 
NN 6699 -7012 -6430 
RS 8897 8901 -2499 -2487 -789 -787 
NN 5148 -8972 3034 
RS 745 765 9222 9228 -5928 -5926 
NN 1481 -4969 -199 
RS -885 -866 -1314 -1313 2548 2554 
NN -1051 6357 -2507 
RS 1521 1540 -4926 -4916 -1322 -1307 
NN -1454 5744 -368 
RS 1780 1791 2174 2184 -393 -393 
NN 3605 -2079 -4672 
RS -79 -62 -9632 -9621 9508 9525 
NN -9631 -8215 9956 
RS 9488 9503 1011 1016 -992 -990 
NN -3983 3417 -5047 
RS -3978 -3959 4814 4834 4028 4043 
NN -5792 6091 0 
RS -998 -987 7674 7679 6992 7012 
NN -2717 8681 -6029 
RS 2353 2359 -1204 -1196 -3724 -3707 
NN 4235 -6574 332 
RS 2632 2641 4796 4797 9146 9162 
NN -4843 -5450 5537 
RS -9729 -9712 -9440 -9428 632 646 
NN -9201 6160 -3552 
RS 518 538 -5284 -5283 7150 7167 
NN -5578 -1390 576 
RS -4582 -4581 -7603 -7595 7228 7233 
NN 1452 -820 7859 
RS -3067 -3056 -6473 -6463 5504 5510 
NN 4498 -6461 -1478 
RS -7735 -7722 -3998 -3992 -6137 -6120 
NN 4483 -2738 6254 
RS 2877 2877 -3014 -3005 -6266 -6265 
NN -3354 -4547 -5021 
RS 9708 9716 98 112 -9792 -9792 
NN -7568 -5205 -5241 
RS -1816 -1808 -9627 -9616 3320 3331 
NN 1656 9992 2679 
RS 2861 2866 7263 7266 1930 1930 
NN -8409 3858 -1480 
RS 6271 6274 9433 9442 3771 3790 
NN -2639 9468 2014 
RS -5062 -5062 9183 9185 3454 3462 
NN -4268 -8621 -8836 
RS 9537 9537 5810 5829 850 861 
NN 224 5723 -5153 
RS -5755 -5736 4108 4123 7231 7241 
NN 2332 7592 -1883 
RS -5787 -5769 -8983 -8970 2558 2563 
NN 4548 4946 2403 
RS -808 -798 -2042 -2028 -9790 -9775 
NN 1485 -9264 -9091 
RS -8177 -8171 6277 6282 -8421 -8420 
NN 3891 1466 -7268 
RS 1158 1168 8722 8739 -8382 -8363 
NN -9714 -9843 -7527 
RS -7684 -7677 -3905 -3898 -1313 -1307 
NN 5480 -9858 -8373 
RS -5549 -5536 9712 9719 -6565 -6548 
NN 7905 3563 -8786 
RS -9295 -9275 1745 1753 6468 6473 
NN -8138 -4400 5693 
RS 3268 3282 3535 3549 7696 7706 
NN -4274 -4160 7502 
RS 8247 8260 -962 -960 2301 2312 
NN -7476 5156 -3098 
RS -1659 -1654 4362 4364 -6399 -6384 
NN -2981 -1525 8017 
RS 7225 7230 500 518 -2613 -2602 
NN -5110 2309 -8756 
RS -4872 -4865 -5838 -5825 -8805 -8799 
NN -9108 -2958 -8576 
RS -3305 -3294 2088 2094 3068 3081 
NN -6519 3656 -9242 
RS -4448 -4437 6723 6729 1734 1748 
NN -4767 -6597 8388 
RS 7608 7627 3389 3397 -9565 -9561 
NN 6442 8970 2846 
RS 6475 6491 508 511 -433 -421 
NN -3485 -8896 1500 
RS 337 345 -6603 -6592 115 126 
NN -2977 -8601 -1492 
RS 9918 9938 4692 4697 -7917 -7897 
NN 3946 1695 6473 
RS -8775 -8767 -5577 -5564 2886 2892 
NN -5510 -5290 6154 
RS 9806 9826 -6101 -6083 -887 -869 
NN -9416 -5760 9060 
RS 9834 9840 -5763 -5763 4743 4744 
NN 9546 -423 -6173 
RS -7660 -7658 -9544 -9530 7162 7163 
NN -2171 8453 -5777 
RS 5743 5751 870 885 5348 5365 
NN -4813 598 -289 
RS 471 491 -6881 -6881 -8975 -8960 
NN 6328 -9489 -7692 
RS -4775 -4773 -4016 -3999 -4152 -4142 
NN 4217 -8151 -5824 
RS 1096 1116 -7068 -7068 5352 5369 
NN 2910 -7589 -7142 
RS -9706 -9699 -5318 -5301 -2014 -2001 
NN -8684 3652 -9386 
RS 7370 7388 414 423 -3812 -3793 
NN 9821 3516 1892 
RS -5219 -5205 -4536 -4520 -1844 -1842 
NN -5664 -8953 -8684 
RS -9590 -9580 -8972 -8965 4743 4745 
NN -2661 3037 -2949 
RS -1053 -1037 9644 9657 1603 1615 
NN 3716 8951 -5730 
RS 7997 8011 7440 7460 2195 2209 
NN 9747 9676 7726 
RS 8831 8834 2673 2676 6542 6545 
NN 1768 -3901 -1633 
RS -948 -932 -2511 -2504 369 389 
NN -721 -9747 -3333 
RS 2474 2476 -1912 -1901 -5748 -5729 
NN -1341 6550 -4660 
RS 3648 3660 5903 5913 -7878 -7861 
NN 7033 -2737 -6535 
RS -3869 -3863 28 32 -7893 -7877 
NN -8991 -7753 4981 
RS -8488 -8473 2053 2066 2420 2433 
NN -1557 2940 6908 
RS -5291 -5272 146 160 7727 7744 
NN 9295 -1053 111 
RS 2485 2495 -4634 -4632 -6726 -6712 
NN 6075 -5147 7580 
RS -134 -128 -8638 -8622 -9272 -9255 
NN 6866 -7756 1954 
RS -5637 -5620 3894 3913 -6279 -6269 
NN 3346 -7473 -4063 
RS 735 737 -4812 -4807 -8678 -8663 
NN -9464 -6709 -6345 
RS 5856 5856 -9193 -9175 -3564 -3552 
NN 2918 6312 -86 
RS -2670 -2653 4380 4391 5022 5029 
NN -8733 2257 -8057 
RS -8317 -8312 6232 6242 -5653 -5649 
NN 3636 7633 -5959 
RS 874 885 3643 3646 8083 8091 
NN 8267 836 9526 
RS -2348 -2343 -5453 -5440 8610 8623 
NN 2081 2814 7517 
RS -8283 -8268 -6395 -6380 8643 8649 
NN -4982 -9131 3546 
RS -7682 -7674 3233 3239 1923 1938 
NN -1788 -1871 -9352 
RS -3377 -3364 -4355 -4346 9625 9629 
NN 9369 2254 3788 
RS -2976 -2962 6786 6801 -3484 -3469 
NN -7922 -2804 -9801 
RS 2111 2114 5732 5736 -2945 -2931 
NN 9072 9861 3514 
RS 8805 8824 -8475 -8460 -2260 -2259 
NN 6986 -8723 -6391 
RS 4045 4051 7398 7398 6687 6697 
NN -3305 2363 -8215 
RS 7535 7545 -8656 -8656 7644 7651 
NN -1343 7513 -1540 
RS -96 -77 -3313 -3299 -4501 -4492 
NN 3847 -2486 -6209 
RS -531 -527 4414 4421 -8381 -8363 
NN 5490 4659 -5797 
RS 983 992 3243 3261 4779 4787 
NN -2789 -2180 2957 
RS 4422 4441 -6741 -6725 3675 3676 
NN -8424 1417 4283 
RS 3798 3805 7194 7198 -3489 -3487 
NN -3908 -1526 -6306 
RS 6991 6997 6828 6843 2516 2534 
NN 4208 6324 -8081 
RS -1608 -1589 6540 6543 -5689 -5674 
NN 5732 -4711 8464 
RS 5550 5569 -4049 -4030 -3031 -3027 
NN -2363 -662 -53 
RS -4485 -4469 7589 7592 -6970 -6956 
NN -3212 -4134 -2906 
RS -2797 -2780 -7309 -7301 -863 -851 
NN -1605 3743 2891 
RS 5331 5331 -2371 -2367 -6251 -6249 
NN 7590 -6721 -3851 
RS -2170 -2164 8026 8046 6095 6102 
NN 3824 6258 5900 
RS -5471 -5456 4890 4892 -5258 -5242 
NN 798 -7953 7458 
RS 2525 2545 -3701 -3695 -9703 -9689 
NN -9293 1069 -5745 
RS 9986 9987 -2769 -2763 4043 4043 
NN -7583 977 7295 
RS 9671 9678 -9953 -9933 2225 2233 
NN -333 8032 -77 
RS -6192 -6187 -8917 -8904 -9514 -9508 
NN 5564 -9992 -6417 
RS 2605 2619 7784 7791 -2871 -2857 
NN -3183 -8406 -5188 
RS -2431 -2419 5783 5802 3306 3320 
NN 1159 410 7576 
RS -5674 -5660 7175 7184 -3211 -3208 
NN 4621 -6918 1499 
RS -5578 -5560 -7350 -7349 -2345 -2337 
NN -5779 4908 -7812 
RS -2998 -2980 5320 5326 -3620 -3606 
NN -1511 4114 -6329 
RS 1389 1398 -4441 -4431 -2894 -2875 
NN 5880 5568 9041 
RS -4444 -4439 4473 4491 7665 7679 
NN 6672 -4871 429 
RS -9366 -9366 -6763 -6745 -2792 -2785 
NN 5085 3423 4912 
RS -4089 -4078 914 929 -10 -3 
NN 5873 -6193 -9430 
RS -6825 -6813 -3156 -3144 -9107 -9098 
NN -5258 -797 -4158 
RS 8503 8522 -5880 -5872 -4088 -4076 
NN 8386 -2592 6031 
RS -1724 -1722 5072 5088 3314 3318 
NN -8267 7016 5227 
RS -7295 -7292 -7648 -7637 5547 5566 
NN -1398 -6889 279 
RS 8061 8069 4985 4996 425 444 
NN -1226 -6998 1354 
RS -4585 -4567 1034 1044 -1818 -1799 
NN -213 -6488 513 
RS 5006 5018 5443 5462 -7791 -7780 
NN -117 -21 6642 
RS -901 -884 -9737 -9727 2116 2129 
NN -8154 -8596 402 
RS -540 -521 -5660 -5660 -4224 -4220 
NN -1643 3807 -9837 
RS -6612 -6606 8826 8845 2956 2956 
NN 9789 -4849 -9923 
RS 8474 8483 -4984 -4981 -8515 -8511 
NN 9742 2136 -1925 
RS -4559 -4540 -3754 -3736 -8323 -8319 
NN 5845 237 3171 
RS 943 962 2193 2202 3476 3484 
NN -4361 8020 -1934 
RS 165 182 -5063 -5049 -5038 -5025 
NN 2663 1442 -8547 
RS 7463 7472 -896 -893 6622 6624 
NN -3035 4951 7566 
RS 214 223 131 144 2685 2696 
NN 6520 -2731 -8095 
RS -746 -727 5861 5863 -6578 -6575 
NN -213 -5768 -2828 
RS 9251 9256 3308 3309 9619 9633 
NN 6626 -988 -8968 
RS -276 -260 -5254 -5250 -9931 -9920 
NN 2891 9516 -3435 
RS 3871 3877 -8140 -8123 8202 8216 
NN 6405 -440 -2429 
RS 3895 3907 6985 6992 -112 -94 
NN -6524 -9889 7799 
RS -309 -299 6859 6878 -4670 -4654 
NN 405 -6299 4637 
RS 2680 2698 -1071 -1053 -6287 -6285 
NN 533 -13 -525 
RS 8249 8250 7873 7893 4040 4040 
NN -841 141 4247 
RS -413 -398 -6853 -6853 -1053 -1048 
NN -72 -1693 -5301 
RS -6446 -6430 4430 4433 -4836 -4823 
NN -3973 -8071 -8387 
RS -867 -857 8046 8057 2601 2609 
NN 5148 -4651 2058 
RS 2038 2042 3723 3723 -1929 -1909 
NN -8033 -9694 9160 
RS -6167 -6151 6590 6600 -8107 -8104 
NN -5988 1632 -3003 
RS -1656 -1641 -371 -351 -1010 -1009 
NN 8536 -7288 1477 
RS -6275 -6269 -2304 -2290 -8428 -8424 
NN 3799 4045 -5646 
RS -154 -145 1250 1263 -5332 -5313 
NN -2489 43 -576 
RS 6689 6704 -4584 -4579 -7761 -7751 
NN -9896 -5334 4998 
RS 1316 1324 2073 2081 -8608 -8590 
NN 383 -2943 -4497 
RS -7848 -7829 -7388 -7386 2211 2228 
NN -6109 2369 6833 
RS -8610 -8601 351 358 4844 4853 
NN -1616 9773 -3512 
RS -585 -569 2278 2294 -500 -496 
NN 8714 -7590 -9391 
RS -476 -467 1680 1693 2043 2063 
NN -189 2910 734 
RS -34 -32 -1332 -1328 -1515 -1495 
NN 7540 -9811 9285 
RS 7590 7603 -3424 -3412 -3833 -3831 
NN -8896 -2122 -5373 
RS -8593 -8585 -2106 -2095 1890 1908 
NN -9209 -7931 -665 
RS 7883 7884 1260 1260 -7008 -6996 
NN 7451 -2837 -8020 
RS -3830 -3815 -2024 -2018 -4175 -4167 
NN 2179 -3126 -5402 
RS -809 -789 -8013 -8006 -1720 -1713 
NN -3836 -6577 -1343 
RS -910 -893 5474 5492 -722 -708 
NN -94 4803 7968 
RS 7758 7766 5558 5562 -2920 -2919 
NN 3172 3820 -3654 
RS 3770 3780 5867 5869 -5955 -5942 
NN 9680 -8746 -9862 
RS -1450 -1439 -9990 -9986 3011 3011 
NN 7230 -8885 -3348 
RS -3934 -3932 -3347 -3344 4939 4951 
NN 8157 -1248 8079 
RS -5694 -5675 9021 9024 8711 8718 
NN -5245 9251 -5765 
RS 1091 1102 -9178 -9159 -1010 -1007 
NN 535 568 9332 
RS 1399 1411 2926 2933 -3075 -3073 
NN -9814 -5866 -7083 
RS -5109 -5094 6029 6046 -6173 -6168 
NN 7555 9405 -5941 
RS 9238 9250 2868 2887 5736 5737 
NN 9689 4059 -9215 
RS 5757 5759 -5364 -5345 3698 3702 
NN -1376 -7666 2619 
RS -4738 -4720 -4445 -4439 -5354 -5336 
NN -5626 -8704 2773 
RS 3101 3121 8168 8179 -9484 -9483 
NN -1281 -6715 9341 
RS 2714 2733 4565 4565 1297 1314 
NN 8116 2413 1360 
RS 9371 9378 6338 6347 5590 5602 
NN -5131 -8707 890 
RS 1373 1380 -5885 -5883 6897 6912 
NN 7402 7034 -4316 
RS 4849 4869 -1130 -1115 -7361 -7356 
NN -5524 1638 8271 
RS 4656 4675 -3464 -3459 5480 5489 
NN -1735 -7287 112 
RS 1812 1831 -3353 -3346 -489 -476 
NN 7858 -155 8356 
RS 7634 7647 3019 3023 -3245 -3243 
NN -5605 7628 1422 
RS -4529 -4519 9513 9526 1197 1210 
NN -913 6525 3456 
RS 1156 1170 7647 7658 -7359 -7346 
NN -8624 -4552 6291 
RS -7734 -7731 1001 1004 -1100 -1095 
NN 6407 2385 -1207 
RS -9417 -9403 8818 8818 9355 9373 
NN -9741 6445 9879 
RS -8102 -8097 6963 6968 5202 5220 
NN -4862 6971 6562 
RS 5043 5054 -7375 -7375 9789 9795 
NN 9504 993 9345 
RS 887 900 -2910 -2907 -5963 -5949 
NN -3159 5248 5223 
RS 2987 3001 -8762 -8759 -6394 -6392 
NN 5386 328 -6196 
RS 381 384 -8178 -8159 7038 7042 
NN 1595 -3661 -9965 
RS 9561 9564 8153 8173 -2301 -2296 
NN -278 -1050 -9872 
RS -9073 -9072 7095 7105 -7483 -7478 
NN -4427 -4421 -7490 
RS -9646 -9635 2006 2026 2033 2045 
NN -4347 1363 164 
RS 7714 7724 6202 6216 9122 9135 
NN -1811 212 -5174 
RS -4369 -4369 -6556 -6540 -4119 -4099 
NN -5275 1022 -4711 
RS 9911 9920 1206 1208 8280 8291 
NN 7687 3713 -4409 
RS 2096 2100 -752 -744 1044 1053 
NN 5175 542 -6770 
RS 8229 8237 -3903 -3883 2874 2884 
NN -6936 -7259 -7755 
RS 8752 8762 -4091 -4075 -2238 -2237 
NN -5673 1225 -8143 
RS 4824 4844 -4667 -4648 -8158 -8142 
NN 513 2330 -9297 
RS -7503 -7490 4416 4431 2249 2269 
NN 3289 6967 7247 
RS 2765 2780 9571 9585 -6613 -6613 
NN -9458 -3596 -251 
RS -5386 -5372 4634 4654 -8733 -8722 
NN -2060 5865 -5646 
RS -5793 -5789 5524 5532 -6828 -6823 
NN 7676 7748 6986 
RS -7270 -7265 -8752 -8732 3465 3482 
NN -5125 7374 -1779 
RS -3766 -3746 8313 8314 -9212 -9197 
NN 6599 7035 -2344 
RS 5828 5835 5818 5836 5827 5844 
NN 2963 -3781 6142 
RS 5473 5473 -5887 -5873 -5544 -5537 
NN 3399 -6073 3929 
RS 4227 4242 5531 5550 -1722 -1715 
NN -6359 -123 -9881 
RS -5651 -5640 221 235 -8656 -8650 
NN -2708 -6707 457 
RS 1636 1641 7966 7983 -7338 -7335 
NN -6745 -1035 -4716 
RS 2731 2735 -502 -494 -9399 -9396 
NN 5094 9004 -428 
RS 221 230 8262 8277 992 996 
NN -1369 8293 -7159 
RS 4673 4688 4002 4013 4437 4445 
NN -3865 -1742 -4742 
RS 4237 4253 -122 -102 -5800 -5796 
NN -5319 -2086 9892 
RS 5848 5856 1084 1087 6049 6069 
NN -2098 -1844 907 
RS 7882 7888 8914 8928 7022 7032 
NN 4657 -1850 -5018 
RS 2563 2572 -9690 -9671 1454 1473 
NN -3657 -4156 768 
RS -7202 -7189 -8773 -8772 6328 6338 
NN -5998 8274 -4980 
RS -1250 -1242 1968 1976 -4753 -4745 
NN 98 1654 -8385 
RS 3839 3853 -5440 -5431 -1650 -1645 
NN -6951 -2162 1513 
RS -2257 -2252 -6969 -6959 2634 2650 
NN 3970 6515 -1236 
RS 9836 9837 -7875 -7870 -1752 -1734 
NN 1351 -6235 4511 
RS 2783 2789 -5988 -5988 9043 9058 
NN -3471 -8019 900 
RS 7389 7405 6739 6755 -5889 -5889 
NN -9306 -4883 -4945 
RS 7781 7794 -269 -257 -5036 -5029 
NN -8148 -8391 -1379 
RS 7921 7922 2012 2015 1110 1128 
NN 9768 9592 -6515 
RS -3810 -3808 3524 3534 4205 4218 
NN -4930 -3270 6959 
RS 589 600 8962 8977 3077 3082 
NN -2523 -298 9950 
RS 933 938 8707 8708 979 981 
NN 3395 -2174 2208 
RS 5201 5219 -3912 -3908 -7637 -7627 
NN -2180 -5529 -535 
RS -8985 -8985 -2490 -2474 -1873 -1867 
NN -2390 8535 -8981 
RS 1568 1573 683 694 -4218 -4214 
NN -8934 -5318 -3595 
RS 1845 1850 6161 6178 5832 5843 
NN 4441 2118 6982 
RS -823 -817 7294 7303 2973 2993 
NN -9635 9544 2978 
RS -1819 -1813 -201 -184 -2958 -2950 
NN -333 2296 9466 
RS 2333 2353 -6780 -6776 7168 7173 
NN 4551 -4279 2037 
RS -2923 -2906 -2448 -2439 -5520 -5514 
NN 3762 -3282 6978 
RS 7169 7182 9623 9630 -9356 -9338 
NN -9438 -8776 -4427 
RS 7216 7227 2157 2174 5485 5497 
NN -1677 2179 2299 
RS 5327 5335 9910 9929 -8962 -8959 
NN 987 -647 -2841 
RS 5622 5628 -5630 -5628 -7033 -7032 
NN 7733 -4324 -3363 
RS -5553 -5536 -4051 -4043 -7172 -7169 
NN 6988 2586 2207 
RS -729 -716 3382 3384 7021 7030 
NN -1352 -3154 2528 
RS -6998 -6988 8663 8680 -5047 -5045 
NN 7199 -2423 2496 
RS -4499 -4480 -9986 -9986 2692 2702 
NN -921 3233 2109 
RS 5413 5428 5822 5838 -5215 -5207 
NN -4468 -8973 5512 
RS 2562 2574 -2629 -2611 -106 -89 
NN -149 -530 1467 
RS 6951 6951 -645 -626 -1186 -1171 
NN -5486 -498 4530 
RS 7029 7044 3477 3482 -1788 -1777 
NN -7713 -4341 -5505 
RS -3961 -3956 4702 4719 6219 6228 
NN 5630 5636 8136 
RS 9934 9946 8226 8241 6836 6848 
NN 5151 5678 -6481 
RS 841 847 6441 6451 -8174 -8156 
NN -8737 9998 5125 
RS -5678 -5673 -2425 -2413 -8680 -8662 
NN -3910 -4931 -228 
RS -5382 -5369 8584 8596 -9467 -9458 
NN 9344 1842 8493 
RS 7134 7141 -3338 -3324 5355 5355 
NN -1230 -6257 -6832 
RS -993 -992 -9583 -9567 -4377 -4359 
NN 1522 -5656 -9140 
RS 6215 6228 8500 8514 -8187 -8183 
NN 1238 531 -5364 
RS 3021 3036 -8916 -8903 4688 4699 
NN -8782 6971 6915 
RS -6424 -6424 -2165 -2153 -6225 -6217 
NN 4049 -9813 3623 
RS -4284 -4274 9376 9382 6189 6189 
NN -5043 -8727 1393 
RS -3246 -3242 -2710 -2701 8587 8596 
NN 7519 2204 382 
RS 4476 4481 -9068 -9057 -6875 -6859 
NN 9547 -463 -1967 
RS 7406 7416 -6738 -6735 -640 -634 
NN -7307 6500 3108 
RS 9817 9829 -6492 -6472 5760 5765 
NN 7095 3321 -3011 
RS 4884 4887 -793 -781 -5702 -5694 
NN 3842 -3883 6014 
RS -2579 -2561 -3074 -3060 -8344 -8334 
NN -9710 -8738 -5156 
RS 3086 3096 -8 -8 888 898 
NN -1391 -8533 6306 
RS -7779 -7770 -1112 -1112 -4304 -4299 
NN -1677 -5773 -4639 
RS 3681 3685 6243 6252 -9979 -9972 
NN -7854 5720 -8396 
RS 8965 8971 -9487 -9476 9723 9743 
NN -7371 -9860 -548 
RS -4431 -4424 -9934 -9921 6978 6988 
NN 9087 7722 3487 
RS -4792 -4785 1601 1621 8889 8889 
NN -3044 -9070 -1542 
RS 4296 4307 1264 1275 6980 6984 
NN 7089 -8687 8781 
RS -1686 -1680 -9651 -9635 6694 6703 
NN -1040 3521 -9141 
RS 1673 1673 2179 2192 6915 6926 
NN 2343 3962 -3223 
RS -4302 -4301 -2907 -2887 7569 7582 
NN 570 -730 -1697 
RS 8584 8594 -9121 -9116 -5553 -5553 
NN 9276 -3743 -6221 
RS -8711 -8697 -5715 -5699 -1466 -1462 
NN 2942 4870 9245 
RS -6334 -6315 -3614 -3597 -5394 -5394 
NN -4540 5120 -9121 
RS 2254 2257 8803 8820 5137 5145 
NN 4725 7632 -4816 
RS -4066 -4050 -6714 -6705 3994 4001 
NN 8345 8612 -5 
RS 3216 3218 4564 4573 1037 1052 
NN 3054 -5454 9209 
RS -4169 -4160 1369 1375 -4625 -4624 
NN 9631 2485 59 
RS 1228 1230 -6368 -6366 8303 8320 
NN 2901 6316 -7536 
RS -7354 -7334 9178 9185 5633 5634 
NN -5804 2866 -6448 
RS 9348 9357 -169 -150 -7887 -7868 
NN -8365 -9619 2580 
RS -8361 -8356 6935 6949 4017 4034 
NN -8613 -8914 -7782 
RS 2103 2111 4888 4893 -3587 -3579 
NN -4797 2219 -8107 
RS -1645 -1643 6523 6535 9570 9579 
NN -7404 3847 2124 
RS 1545 1560 -1057 -1041 -9615 -9607 
NN -4633 -2401 -8653 
RS 2666 2673 -377 -374 6467 6478 
NN 7835 6558 6043 
RS 320 340 3708 3728 2698 2704 
NN 4647 8902 2397 
RS -5865 -5862 4338 4352 6522 6542 
NN -366 7065 8411 
RS 5074 5084 8628 8644 -9010 -9007 
NN -6136 -1617 -9301 
RS -1554 -1544 -8621 -8617 -9841 -9841 
NN -6032 -5523 5965 
RS 1334 1336 -5 2 3377 3386 
NN -3005 -3112 2511 
RS 7846 7853 9207 9217 -7067 -7050 
NN -8441 58 8753 
RS 952 961 5370 5390 -8569 -8565 
NN -3919 -1754 -6432 
RS -9891 -9885 -167 -147 -2223 -2203 
NN -9811 7108 -4748 
RS 4030 4050 -6283 -6279 6802 6819 
NN -2074 756 -914 
RS 6748 6763 4843 4855 -1830 -1822 
NN -653 -6760 9682 
RS -707 -699 4756 4758 5018 5031 
NN -5278 9102 -3531 
RS -5340 -5329 8093 8104 -553 -544 
NN 8245 4681 9776 
RS -9822 -9819 -3402 -3386 4544 4548 
NN -426 1010 -7414 
RS -5009 -5002 2540 2542 -2952 -2948 
NN 7536 629 2424 
RS -1853 -1847 5038 5048 9234 9244 
NN 6274 -7111 8038 
RS 3123 3133 -5611 -5608 4618 4629 
NN 5621 2940 7504 
RS -7397 -7385 -1842 -1828 -3474 -3455 
NN -635 -4384 -2377 
RS 7015 7018 -8909 -8903 3995 3997 
NN 1746 9070 -5813 
RS -7808 -7804 2848 2853 4753 4754 
NN -8100 -4509 6186 
RS -2900 -2885 -3804 -3790 6626 6635 
NN -2784 -5634 -4000 
RS -3971 -3953 3668 3682 3904 3918 
NN 4724 2173 -4925 
RS -6711 -6708 -7376 -7359 3384 3401 
NN 7675 8409 3393 
RS -5104 -5097 765 780 -5341 -5332 
NN 1812 -7165 -8402 
RS -1672 -1664 3590 3600 -2533 -2515 
NN 3316 6158 3456 
RS 2119 2134 -318 -300 -9577 -9564 
NN 8482 6126 -4984 
RS 7584 7593 3126 3135 -8314 -8301 
NN -2005 5543 -7054 
RS 5656 5670 -8486 -8476 -3272 -3254 
NN -1211 -4903 4064 
RS -1673 -1654 -6711 -6691 -8174 -8162 
NN -77 -7053 -5289 
RS -2985 -2965 8122 8122 7850 7863 
NN 9303 6977 6736 
RS 5981 5995 -5460 -5443 -324 -321 
NN 7455 4280 8022 
RS 6687 6692 2400 2412 2023 2043 
NN 3836 -4931 820 
RS -700 -699 5396 5409 2152 2152 
NN 6019 -1063 7341 
RS 2887 2906 -3430 -3416 7713 7714 
NN 8718 1987 8605 
RS -5731 -5719 -1069 -1066 -3383 -3373 
NN -3513 -2357 387 
RS 8616 8621 3583 3598 950 953 
NN -3887 -5722 -8513 
RS 9422 9422 8281 8299 9331 9349 
NN 9863 -7746 -9987 
RS -4032 -4022 7982 7987 -2315 -2298 
NN 4088 5179 6533 
RS -416 -410 6613 6619 9585 9593 
NN -3386 -2104 4553 
RS -3686 -3670 -5666 -5661 7171 7184 
NN 828 4015 -7449 
RS -4626 -4615 2687 2705 -8590 -8581 
NN -6813 -3570 -1990 
RS -6618 -6605 -4040 -4033 1834 1849 
NN -9632 3985 -1919 
RS -6161 -6156 -8273 -8261 -8314 -8306 
NN 7099 5777 -5634 
RS -8684 -8681 -3977 -3959 4209 4226 
NN 9734 3906 538 
RS 878 890 -1672 -1657 2281 2285 
NN -857 -480 2976 
RS 7976 7981 -8426 -8407 -9512 -9509 
NN 5133 -6829 2436 
RS -6828 -6817 -5526 -5513 5309 5310 
NN 2716 -9158 4697 
RS -278 -266 7357 7374 -3727 -3719 
NN 4669 330 -7405 
RS 4285 4303 -1285 -1277 2442 2456 
NN -4738 8796 7443 
RS 7586 7601 2918 2920 5171 5175 
NN -6696 -7394 8836 
RS -2970 -2954 6454 6463 4931 4934 
NN 4117 7015 -2454 
RS -8568 -8559 9037 9039 -193 -186 
NN -637 -8874 -9032 
RS 4248 4263 6294 6307 4352 4360 
NN 2009 -4371 5773 
RS -8388 -8379 -6100 -6097 7858 7861 
NN 166 9179 -5995 
RS 4829 4846 7282 7282 -8541 -8521 
NN -3861 1169 6030 
RS 1649 1650 -6969 -6956 -1990 -1990 
NN -731 7853 2665 
RS -9757 -9742 5820 5826 -8313 -8313 
NN -2027 -6206 4718 
RS 9490 9497 -8568 -8560 -8488 -8488 
NN -7645 7288 -5487 
RS 1529 1540 -7041 -7030 2771 2790 
NN 5806 8482 6295 
RS 9833 9848 603 615 -1356 -1351 
NN 1216 -7893 9497 
RS -3499 -3480 4930 4940 -6272 -6266 
NN 3904 8714 3360 
RS 3115 3126 -3413 -3395 4999 5013 
NN 5442 8801 6111 
RS -9598 -9582 -5716 -5711 -5785 -5785 
NN 8313 5796 -3572 
RS -9800 -9799 -3615 -3604 6869 6882 
NN 3605 9113 -8888 
RS -8390 -8374 2687 2687 -1873 -1853 
NN 8098 -2383 3580 
RS 7134 7134 6092 6101 -9469 -9465 
NN 9716 4606 1277 
RS -954 -942 -3361 -3344 8671 8675 
NN -5909 -1307 3744 
RS 1127 1142 115 121 -2209 -2206 
NN -1422 9842 6233 
RS -1291 -1283 2671 2687 6808 6810 
NN 8724 1059 -922 
RS -493 -475 -6503 -6494 -5520 -5514 
NN 62 -2978 8302 
RS 3435 3444 2181 2193 3149 3158 
NN 2439 -7999 8337 
RS 6387 6400 -1183 -1164 -7742 -7741 
NN -2368 -8507 -5992 
RS 4772 4786 -8153 -8137 -6528 -6519 
NN -1931 -7918 3619 
RS -2338 -2329 8204 8205 3303 3321 
NN -7936 -6454 -8506 
RS 1456 1462 -8007 -7995 -8391 -8371 
NN -4165 9668 5491 
RS 6303 6308 3769 3788 -1007 -988 
NN 5134 -2943 -2791 
RS -1230 -1213 2965 2970 -3344 -3328 
NN 2177 -9455 7983 
RS 5401 5406 261 263 -2251 -2234 
NN 959 1765 5992 
RS 1589 1590 -5296 -5278 -6445 -6431 
NN 1328 8514 -1243 
RS 6345 6362 -6043 -6035 -5544 -5540 
NN -6091 2639 8408 
RS 4814 4817 1676 1676 -8620 -8608 
NN -3543 5953 7083 
RS 7947 7956 -5524 -5516 1915 1916 
NN -4740 4743 7515 
RS -8097 -8085 3470 3484 -7182 -7181 
NN 4095 -4903 -9661 
RS -4662 -4645 7886 7889 7593 7593 
NN 9342 744 -9370 
RS -3624 -3612 6000 6020 -6198 -6189 
NN -9177 -8871 1864 
RS 6756 6759 -5731 -5723 -1257 -1250 
NN 1491 -5551 -7679 
RS 9001 9013 -2033 -2015 -4797 -4790 
NN 7 -2767 -7865 
RS 4532 4535 -1569 -1552 -8146 -8129 
NN 4032 -179 7699 
RS -4676 -4662 7341 7357 870 887 
NN 7733 7112 -1452 
RS 5508 5518 8432 8442 8284 8286 
NN 5551 995 -7555 
RS 1980 1987 -1926 -1923 2675 2680 
NN 8879 9922 -1446 
RS 465 475 6658 6666 547 566 
NN -3354 3895 -8636 
RS 9439 9458 3390 3399 5219 5236 
NN -2863 3443 6798 
RS -6976 -6960 -8496 -8479 9307 9319 
NN -7067 7609 5197 
RS -6444 -6435 -3100 -3095 -4483 -4463 
NN -2421 5921 4971 
RS -5477 -5465 8426 8429 -2402 -2390 
NN -5800 -6031 -5548 
RS 4940 4958 5294 5302 496 512 
NN 7384 -2203 9566 
RS -1243 -1228 -4778 -4774 8042 8058 
NN 5940 5421 3176 
RS -9530 -9517 -3588 -3570 7976 7984 
NN 7940 6009 -1907 
RS -815 -811 3105 3117 -946 -936 
NN -4868 -2180 8513 
RS 9389 9396 -3492 -3483 -9781 -9779 
NN -1074 -6057 -7942 
RS 9222 9236 2323 2332 -9028 -9025 
NN 5912 7440 5138 
RS -1820 -1813 -1296 -1289 3479 3497 
NN -8575 9963 6336 
RS -8401 -8399 -1281 -1270 -9053 -9039 
NN 4829 -9957 6328 
RS 4670 4672 9463 9473 -9045 -9029 
NN -8679 7935 -3482 
RS 6711 6711 -974 -970 -1801 -1783 
NN -918 5769 -3053 
RS 5858 5864 -1605 -1591 -2567 -2565 
NN -2985 -8605 8008 
RS -4797 -4785 -6910 -6901 5065 5081 
NN 7745 1694 -6786 
RS -105 -97 7052 7053 7859 7873 
NN 7373 -8854 -6760 
RS -5228 -5216 -1267 -1247 -3428 -3416 
NN -6463 727 -7148 
RS 716 728 -5918 -5904 -1245 -1238 
NN 6433 1271 6104 
RS 6197 6209 9465 9485 9056 9061 
NN 6404 -8709 4179 
RS -7241 -7221 8367 8375 -4651 -4632 
NN -3948 546 -6952 
RS -1399 -1386 4330 4336 -2645 -2636 
NN 4288 1328 -7232 
RS -7013 -7009 -5761 -5747 6494 6507 
NN -7816 3915 2607 
RS -9510 -9507 2263 2270 -2359 -2348 
NN 6493 9068 9582 
RS 3594 3610 5432 5433 -3909 -3898 
NN -8950 -3738 9345 
RS 5603 5617 1901 1913 -699 -699 
NN 5889 9335 -9040 
RS -8249 -8246 1934 1943 -7385 -7373 
NN -1319 -7454 8867 
RS -2682 -2676 7808 7811 -915 -898 
NN 1063 7587 6242 
RS 9949 9963 2916 2920 -9777 -9762 
NN -6463 -3747 -7569 
RS 9762 9782 4307 4311 2543 2555 
NN 7986 3397 -9630 
RS -4703 -4685 9729 9730 -1796 -1776 
NN -8898 944 -3066 
RS 7038 7048 9611 9616 5775 5795 
NN 3949 -9547 4436 
RS -5505 -5499 3403 3417 -168 -154 
NN 6683 5232 4130 
RS -4763 -4758 -4750 -4750 3249 3263 
NN 8098 5346 1411 
RS -2363 -2351 1783 1801 2416 2431 
NN -8298 4473 -4398 
RS -145 -134 8676 8685 4590 4599 
NN -4145 -4009 1017 
RS -3332 -3323 -8929 -8913 -5387 -5367 
NN -2697 2320 8908 
RS -5702 -5689 -7983 -7974 9692 9692 
NN -734 -2070 -7090 
RS -4069 -4063 -7873 -7853 3552 3552 
NN -3328 -1820 7305 
RS 6994 7002 8286 8306 -6416 -6416 
NN 7734 -1728 5641 
RS 8574 8579 -5707 -5706 9298 9312 
NN -7057 5299 2974 
RS 5523 5540 -2447 -2435 1297 1301 
NN -9148 -900 -2036 
RS -9696 -9687 -5161 -5157 66 67 
NN 6629 784 5191 
RS 1079 1082 -2722 -2711 -8736 -8723 
NN -6044 -4357 5711 
RS 8818 8820 -2687 -2673 2775 2791 
NN 8162 4059 -9700 
RS -3035 -3015 8305 8306 -6908 -6903 
NN -7589 -2030 7512 
RS 9663 9675 -3894 -3886 2594 2599 
NN 6306 8413 803 
RS -6481 -6463 -119 -112 819 837 
NN -836 -1379 6650 
RS -3254 -3252 7444 7454 -1897 -1889 
NN -4917 3698 -1543 
RS -7091 -7077 2734 2734 -3180 -3161 
NN -3510 2359 9865 
RS 6322 6330 3966 3980 3126 3145 
NN 6027 -994 2076 
RS -1628 -1613 2313 2313 2593 2603 
NN -3796 5712 1480 
RS 9248 9263 -892 -880 3502 3509 
NN 251 -5337 -8867 
RS 7164 7184 6400 6415 6156 6174 
NN 6390 7520 8261 
RS -4363 -4356 -1954 -1946 -9712 -9702 
NN -7758 -8699 7867 
RS -2580 -2576 7128 7128 8326 8328 
NN 1391 3804 -1066 
RS 6407 6407 2710 2725 -74 -68 
NN -4807 -3238 7810 
RS -4602 -4594 -515 -510 2772 2779 
NN 6935 -7222 4530 
RS 3179 3184 5263 5274 3699 3717 
NN 4515 4877 -3286 
RS -1579 -1568 -852 -834 -4653 -4633 
NN -5781 4231 268 
RS -9873 -9868 -1066 -1053 1920 1936 
NN 726 6873 -2471 
RS 1493 1512 5722 5727 -7627 -7622 
NN -8571 3287 3428 
RS 7931 7935 -5863 -5855 -7785 -7782 
NN -3590 -5190 8906 
RS -8488 -8468 -9524 -9506 9799 9815 
NN 7099 -9650 3162 
RS -2100 -2083 -3169 -3165 4753 4772 
NN 8961 897 8294 
RS 6081 6097 3408 3427 -7010 -6991 
NN -6055 5551 8146 
RS 3463 3480 4488 4490 3571 3590 
NN -3807 -1741 -1838 
RS -5132 -5128 -8360 -8343 -1411 -1404 
NN -2057 2076 -1118 
RS 2469 2483 1022 1026 -4809 -4796 
NN -9731 4601 -3987 
RS -8470 -8457 -341 -331 736 742 
NN -8326 -7736 3871 
RS 1505 1516 -4404 -4400 -9126 -9116 
NN 5508 598 8191 
RS -9109 -9096 3475 3479 1373 1388 
NN -1399 -810 2660 
RS -4065 -4049 -7399 -7397 3240 3249 
NN 5178 5245 -6589 
RS 5855 5862 8279 8288 -7081 -7065 
NN -7949 -9297 -6915 
RS 2227 2230 1955 1968 -8692 -8673 
NN -1466 257 2394 
RS 4680 4681 343 348 -8734 -8729 
NN -2812 3612 -4229 
RS -1545 -1541 7860 7872 -8316 -8315 
NN 6451 2681 9663 
RS 7399 7409 -9062 -9055 9535 9541 
NN -3392 332 1515 
RS 5952 5960 -7685 -7679 -1545 -1530 
NN 5530 -1295 9706 
RS 1289 1299 773 785 5998 6009 
NN -1198 -4980 -8342 
RS -2376 -2371 -4966 -4950 -3280 -3278 
NN 6060 -5881 -5317 
RS -270 -270 -3331 -3315 2372 2387 
NN -3786 -626 -4359 
RS -7687 -7675 -7570 -7564 2373 2384 
NN -7054 5276 6104 
RS -4661 -4654 -3538 -3518 -1344 -1339 
NN -9275 520 -2887 
RS -8961 -8945 4961 4981 -9189 -9187 
NN -6471 529 -2806 
RS -8823 -8808 -5274 -5263 2500 2513 
NN 981 -9118 702 
RS 711 717 -9671 -9670 6920 6920 
NN 3777 5781 -6958 
RS -4539 -4530 7081 7097 -1210 -1206 
NN 8133 -2220 9560 
RS 954 970 8803 8816 -3929 -3924 
NN -4962 7410 -5422 
RS -9243 -9238 5095 5107 -4382 -4369 
NN -2457 -5144 9065 
RS -4586 -4570 -7481 -7479 -6853 -6837 
NN 9426 -7745 2303 
RS 317 334 2978 2989 -6663 -6662 
NN -4804 -4704 5118 
RS 3785 3803 -9664 -9647 -2586 -2575 
NN -5263 -459 -4295 
RS 9353 9353 2257 2270 3729 3732 
NN 4459 -9346 9035 
RS -6404 -6394 -51 -41 1837 1844 
NN -2614 -6883 -2104 
RS 7797 7800 1891 1895 -4875 -4872 
NN -3166 -7589 -4134 
RS -2498 -2481 -6500 -6491 -4773 -4760 
NN 7889 -3075 -7793 
RS -7151 -7135 4327 4335 8711 8723 
NN 8742 3332 4472 
RS -4148 -4148 -5362 -5343 320 325 
NN 8698 -9230 -9559 
RS -1760 -1750 -5611 -5599 212 213 
NN -5764 -7210 1677 
RS 2987 2995 -7060 -7059 -4571 -4568 
NN 620 5856 7135 
RS 7788 7797 -9934 -9933 5673 5676 
NN 2815 3925 -3257 
RS -9147 -9137 3024 3031 9829 9834 
NN -8241 -2110 -7283 
RS 1320 1333 -9905 -9898 -119 -101 
NN 957 8490 -5829 
RS 2258 2263 -7851 -7834 -7628 -7614 
NN -4726 1520 -3562 
RS 6801 6806 -3008 -3005 2668 2677 
NN -6427 -7007 -1837 
RS 7277 7295 -7846 -7845 1831 1843 
NN -195 -2413 3905 
RS -9295 -9292 -463 -452 1628 1632 
NN -317 -2879 -8940 
RS 8984 8993 -3267 -3265 -4269 -4253 
NN 1556 1480 -7064 
RS -3228 -3219 -9883 -9880 9391 9403 
NN -3 -791 7960 
RS -5694 -5688 -7210 -7198 -5401 -5386 
NN 7031 -3326 3895 
RS -5381 -5361 -3124 -3121 -5086 -5073 
NN 6708 -4311 2778 
RS -9989 -9981 -5566 -5552 -1280 -1266 
NN -4390 1239 9169 
RS 6157 6157 5835 5851 8593 8611 
NN 4281 8294 -300 
RS 8232 8238 -9330 -9316 6802 6807 
NN 7258 -1241 -4752 
RS 3602 3602 3960 3967 -616 -609 
NN 4596 5147 -3513 
RS 9728 9734 -6495 -6486 -7931 -7912 
NN -269 -2566 -5421 
RS -2492 -2482 4728 4733 1732 1736 
NN 4507 -2316 -8480 
RS -1643 -1638 -187 -170 5513 5514 
NN 1925 1451 -9154 
RS -7478 -7458 -6337 -6332 -8285 -8272 
NN 6859 -1841 7159 
RS -9429 -9420 -6273 -6271 9484 9489 
NN 4497 -9178 -3211 
RS 8510 8529 6975 6978 -5587 -5587 
NN 5842 9396 -3290 
RS 2813 2825 3568 3583 -8753 -8746 
NN -4211 -3633 -9652 
RS -5077 -5072 -4022 -4019 1783 1793 
NN 723 -1754 7804 
RS 711 716 -9910 -9898 2898 2909 
NN 2860 -9306 9735 
RS 4717 4736 -5471 -5463 -4123 -4114 
NN -6506 5914 2988 
RS -5951 -5948 38 43 -2617 -2615 
NN 7055 -1628 -7629 
RS 5017 5023 -3236 -3220 -6523 -6503 
NN 2379 5302 -5712 
RS -7201 -7183 -1031 -1014 -7148 -7144 
NN -1576 -7830 6493 
RS 2528 2528 -1352 -1335 3759 3764 
NN -6487 7 -9625 
RS 2087 2093 -5808 -5806 -1238 -1237 
NN 9084 4966 510 
RS 3823 3823 7463 7483 4625 4639 
NN -6643 -6173 5176 
RS -1281 -1268 -8595 -8580 -3063 -3049 
NN -699 3337 1933 
RS 362 369 -492 -478 -6548 -6539 
NN -7125 -8232 -6676 
RS 5723 5740 4435 4453 8877 8893 
NN 4763 -2613 5409 
RS -8826 -8814 -1633 -1626 3971 3971 
NN 7475 5235 3162 
RS -51 -31 -2060 -2042 878 888 
NN -3016 9026 1172 
RS 8054 8074 -409 -396 -4834 -4823 
NN 2356 2958 1878 
RS -8182 -8174 -4268 -4254 5689 5706 
NN 4236 -1016 8664 
RS -7459 -7445 -6537 -6526 4512 4529 
NN -8761 -5042 1511 
RS -7124 -7106 -8431 -8428 -3882 -3870 
NN -3877 -4055 -6624 
RS -6821 -6805 1416 1424 -1307 -1296 
NN -9232 5969 585 
RS -6831 -6831 -8185 -8178 8780 8793 
NN -6074 4814 -7104 
RS 7217 7235 -9453 -9451 -5591 -5584 
NN 4599 879 371 
RS -77 -58 4613 4614 3025 3044 
NN -9850 4775 4814 
RS -9450 -9434 3950 3953 5494 5495 
NN -7915 6814 -3852 
RS -7151 -7136 6373 6387 -4572 -4560 
NN 8603 5038 5341 
RS 2452 2464 2733 2750 6008 6011 
NN 2738 9118 7573 
RS -9677 -9659 -8432 -8423 2656 2656 
NN 6621 -592 -4011 
RS 83 87 -9807 -9788 1608 1623 
NN 154 7063 9710 
RS 8110 8114 -4342 -4339 -1367 -1354 
NN -9352 -342 6579 
RS -4540 -4525 -733 -716 4399 4411 
NN 9476 2794 -3999 
RS -3028 -3026 7202 7205 7169 7179 
NN -5346 444 -1604 
RS 4438 4445 7068 7087 1123 1127 
NN 9062 -4445 3659 
RS -5235 -5231 -6975 -6957 -112 -100 
NN -1775 -1184 -4144 
RS 304 305 6480 6486 -2767 -2765 
NN -5856 949 -3762 
RS 1835 1843 7814 7834 8728 8732 
NN 2038 796 9403 
RS -6900 -6897 -6317 -6309 -7322 -7319 
NN 7360 4017 9524 
RS 2187 2198 9557 9572 63 83 
NN -2472 4753 -4848 
RS 2685 2690 6200 6214 6452 6455 
NN -3259 -291 -3793 
RS 2054 2062 8239 8256 8922 8931 
NN -5720 4693 2198 
RS -5696 -5682 -1068 -1055 6279 6293 
NN -3851 6666 -9906 
RS -3458 -3455 -3285 -3275 -6923 -6920 
NN -7888 -3783 7803 
RS -5515 -5501 3460 3472 1883 1895 
NN -3460 -5447 5610 
RS -5395 -5390 3224 3242 5343 5358 
NN 3774 -8025 -2307 
RS -4862 -4862 -199 -193 5121 5130 
NN 8774 -153 1775 
RS -6044 -6037 4707 4712 -2081 -2065 
NN 2647 631 9464 
RS 8806 8813 8547 8564 1878 1894 
NN -2826 -5008 -5088 
RS 7910 7921 3512 3522 -2355 -2344 
NN -1231 6183 -5855 
RS -7395 -7378 -50 -46 7188 7202 
NN 3938 -850 2950 
RS 9680 9690 -4556 -4546 -3795 -3786 
NN 5108 3149 7655 
RS 6824 6840 -2371 -2365 3911 3912 
NN -3310 -35 -5852 
RS 8742 8744 -6702 -6682 -5313 -5305 
NN 9126 8040 -284 
RS 3696 3696 4252 4256 6808 6824 
NN -673 -7542 7704 
RS -9468 -9450 -723 -715 -5523 -5506 
NN 908 7226 -6599 
RS -3579 -3566 7268 7275 8497 8503 
NN -5550 -1627 7214 
RS -3263 -3243 1711 1729 -1057 -1043 
NN 2141 5162 -3059 
RS -8469 -8463 -2377 -2369 -921 -921 
NN 1321 9951 9028 
RS 8228 8245 3612 3612 -4942 -4937 
NN 4076 -9277 -9396 
RS 1458 1463 -9756 -9745 -8017 -8008 
NN 9118 -8727 -8134 
RS -8630 -8616 2542 2562 -5910 -5892 
NN -2326 8800 -3135 
RS 5534 5544 6099 6101 -6463 -6462 
NN -7026 -6198 7275 
RS 8891 8900 -1081 -1072 6926 6935 
NN 3071 165 7968 
RS -7512 -7507 -2402 -2396 4482 4498 
NN -9122 8094 -1701 
RS 4209 4210 -3410 -3399 1741 1742 
NN -8234 -5988 8450 
RS -581 -576 118 134 -4523 -4507 
NN -3516 -2838 3400 
RS 6942 6962 -6667 -6651 3848 3849 
NN 3821 7547 -1131 
RS 439 453 -675 -658 3642 3661 
NN -9253 6718 8015 
RS 2028 2035 -9394 -9383 -5909 -5909 
NN 8807 7276 -3023 
RS -5694 -5674 8955 8967 -9805 -9789 
NN 1502 3628 2201 
RS -5055 -5036 -4937 -4928 -8589 -8585 
NN 2124 -7209 -6630 
RS -7206 -7205 -9724 -9707 9818 9825 
NN -1617 -2165 9224 
RS -3305 -3300 5354 5358 -9186 -9176 
NN 3507 2279 6042 
RS -6238 -6221 -9312 -9303 -8700 -8685 
NN -7260 9069 9294 
RS -107 -90 -4643 -4634 -8325 -8312 
NN 6799 -2969 -8657 
RS 3285 3302 4986 4997 4652 4672 
NN -8276 -3187 1053 
RS -6165 -6164 3721 3723 6719 6725 
NN -3592 744 3526 
RS -3967 -3964 1110 1124 -9603 -9591 
NN 3666 -1470 -887 
RS -8066 -8051 -5212 -5211 -9648 -9631 
NN 9936 9454 697 
RS 1529 1533 9468 9476 2339 2347 
NN 2474 -3998 -2585 
RS 8017 8033 -970 -959 -421 -415 
NN -6781 -294 802 
RS 4599 4604 2051 2070 -2297 -2283 
NN 568 -6163 -1347 
RS -5280 -5267 -7442 -7431 -1721 -1719 
NN -7761 -6152 3471 
RS 8497 8506 7474 7489 3040 3041 
NN -5452 -9997 -4004 
RS -245 -236 3637 3643 -8821 -8814 
NN 4922 -9240 -9508 
RS -1190 -1185 -2691 -2690 369 371 
NN -2124 -8787 3253 
RS -9546 -9534 2387 2387 1423 1429 
NN 8112 -7369 1905 
RS -7426 -7408 9435 9455 9724 9741 
NN -7518 -2564 926 
RS 4847 4848 8648 8658 -2658 -2658 
NN -9211 3957 6132 
RS 9253 9259 1606 1611 -8532 -8521 
NN 1777 -2400 -9991 
RS -461 -448 5568 5568 -3723 -3711 
NN -7044 -8883 1533 
RS -4912 -4892 8015 8022 -2395 -2380 
NN -8183 -671 -7060 
RS 7891 7892 -8351 -8341 4249 4267 
NN 96 -909 -8287 
RS -1684 -1667 -6789 -6782 -952 -936 
NN -6001 -9845 -2106 
RS -8798 -8796 8148 8159 1655 1672 
NN 9224 7650 -2466 
RS 3664 3669 6246 6258 -6721 -6719 
NN 5147 4621 6572 
RS 2063 2072 17 32 -2792 -2779 
NN 9319 -9918 -4270 
RS 3369 3374 6911 6914 -174 -157 
NN -9238 4447 1249 
RS 4381 4400 -8011 -8007 -4606 -4594 
NN -1102 -3591 7674 
RS 8468 8480 1365 1381 1847 1853 
NN 7658 -7023 6646 
RS 4220 4224 -5063 -5044 6901 6914 
NN -286 -3751 -6720 
RS -1773 -1763 -6658 -6658 -4536 -4534 
NN -714 -3660 -2244 
RS -2365 -2355 553 559 -1339 -1326 
NN -6606 4844 8349 
RS 3404 3415 4359 4361 2337 2351 
NN 5283 8432 -7951 
RS 7290 7304 -8168 -8160 -909 -900 
NN 5603 -9880 1634 
RS -3115 -3095 -6144 -6134 -3115 -3101 
NN -5071 308 6698 
RS 4643 4661 7223 7227 -8165 -8145 
NN -9200 -3616 -9249 
RS 4744 4761 2442 2457 -2592 -2587 
NN -3206 -6269 -5435 
RS -1819 -1800 -8790 -8786 -8519 -8509 
NN -4686 6446 8979 
RS -2715 -2714 6518 6535 6405 6405 
NN -829 -1770 -7267 
RS 2123 2142 9209 9218 -3042 -3042 
NN -5115 -4228 624 
RS 1177 1194 5104 5108 -6527 -6526 
NN 1797 9899 -1683 
RS -7903 -7892 -1 1 7220 7225 
NN 4821 4789 7391 
RS -922 -905 -8966 -8963 -3707 -3689 
NN 9438 1902 -8703 
RS -6928 -6917 5655 5669 -7548 -7535 
NN 1513 -3316 2992 
RS -4745 -4743 -6784 -6767 -6291 -6286 
NN 4944 -4964 -5739 
RS -5597 -5585 -8311 -8301 2896 2908 
NN 3115 -9677 2956 
RS -9592 -9575 -9307 -9305 2933 2934 
NN -6501 2077 -516 
RS 4347 4359 -1452 -1441 -7032 -7019 
NN 3865 4519 -3345 
RS -7472 -7462 -8518 -8502 -1762 -1743 
NN -7148 -1452 -3535 
RS -6864 -6862 3989 3994 -4070 -4067 
NN -8869 6258 -7655 
RS 7916 7923 4173 4181 1784 1804 
NN 7739 -5641 2317 
RS 619 628 2746 2754 -1393 -1375 
NN -2176 -5706 2535 
RS 7176 7187 -2309 -2306 3807 3809 
NN -6667 -6719 -5089 
RS -9782 -9779 5515 5526 7291 7297 
NN -80 9048 1066 
RS -5749 -5731 8469 8488 7701 7706 
NN -9723 5830 4530 
RS 6357 6363 -9812 -9793 8993 8999 
NN -3202 7399 -7197 
RS -7935 -7924 2125 2131 -8805 -8805 
NN -9947 2465 8355 
RS 7768 7776 6768 6782 1659 1662 
NN 9089 -9310 3402 
RS 1786 1789 -1259 -1254 6570 6590 
NN 6845 -6668 6987 
RS 5589 5591 6062 6070 -8710 -8707 
NN -146 -1271 8960 
RS 2031 2050 6275 6280 -9534 -9533 
NN 8823 2172 9829 
RS 5242 5257 -5346 -5343 -638 -630 
NN -3672 1726 -5117 
RS -6867 -6853 569 588 8847 8864 
NN -3112 4928 -741 
RS -5984 -5968 -7541 -7522 6029 6035 
NN -1336 -7016 8109 
RS 2596 2614 5763 5770 2378 2381 
NN -36 1112 -7965 
RS -8561 -8561 337 345 5753 5767 
NN 2572 7396 -28 
RS -7906 -7888 -5972 -5954 -7124 -7108 
NN 6431 6968 1834 
RS -1859 -1848 -5415 -5395 3207 3214 
NN 5390 -1379 -303 
RS 2117 2136 -2223 -2221 1425 1435 
NN -8872 1166 9292 
RS -1015 -1010 -9062 -9046 3393 3396 
NN 32 -5759 190 
RS -6320 -6315 -5615 -5614 -5435 -5430 
NN 4963 837 -3305 
RS -9104 -9104 1048 1061 -7662 -7647 
NN -637 9162 -7262 
RS -2804 -2788 -6563 -6556 -3414 -3395 
NN -7698 2002 -6160 
RS -5325 -5325 -8248 -8245 5575 5583 
NN 2358 6360 957 
RS -6889 -6872 7878 7885 -9611 -9592 
NN 3217 -3068 -4677 
RS 5422 5425 4559 4565 4190 4199 
NN 1120 2772 -804 
RS 2405 2415 -7061 -7048 3937 3955 
NN 95 6015 6936 
RS 596 605 9605 9621 6555 6571 
NN 7179 -1170 4831 
RS 721 730 -181 -167 4383 4390 
NN -7173 -3998 -2243 
RS 7015 7030 -8428 -8409 -490 -475 
NN 9614 -3342 -3002 
RS 6807 6817 4378 4398 -4710 -4703 
NN 2345 8927 -4968 
RS -3300 -3283 -6406 -6403 -7584 -7572 
NN 6476 8607 7106 
RS 7025 7031 579 596 8400 8401 
NN 9679 5604 -8559 
RS -8709 -8698 -6820 -6820 -5681 -5679 
NN 2720 -84 9623 
RS 8041 8060 -8446 -8438 3591 3607 
NN -762 -7249 -2561 
RS -1510 -1496 6701 6701 -5316 -5310 
NN 740 5958 -8441 
RS -6146 -6130 7870 7873 2062 2068 
NN -1118 2414 1558 
RS 6967 6971 -87 -86 -5561 -5554 
NN 6476 -5378 2393 
RS -7623 -7609 -4459 -4445 -9167 -9167 
NN 7743 -308 2957 
RS 2912 2913 -32 -23 6205 6222 
NN -4472 -4388 8913 
RS -7131 -7115 4872 4891 7885 7904 
NN -3869 2931 -3868 
RS 865 868 -6940 -6927 9970 9976 
NN 9702 -6404 -5800 
RS -7338 -7322 8360 8368 9148 9158 
NN 6124 -5860 1082 
RS 4221 4228 -560 -541 6182 6191 
NN -6902 4603 8191 
RS 5804 5807 4251 4263 -4075 -4062 
NN 2170 -4838 3339 
RS 423 439 5797 5809 9770 9773 
NN 9056 -4362 -543 
RS 1546 1547 -5495 -5487 5899 5912 
NN 5562 -1623 -1524 
RS 7023 7025 -7628 -7608 -326 -312 
NN -6582 -7578 3371 
RS -6883 -6881 -4539 -4538 -3773 -3755 
NN -7369 7067 4916 
RS -303 -302 -3311 -3307 -9077 -9061 
NN 5180 -2256 -4678 
RS -7004 -6989 2315 2325 -5852 -5840 
NN 9654 2617 8822 
RS -958 -950 8270 8272 1746 1748 
NN 1404 4050 -9800 
RS -7272 -7269 -4951 -4944 4241 4253 
NN -8933 -2393 -3688 
RS -1773 -1757 -5594 -5585 -1260 -1250 
NN -5919 -1131 1404 
RS 7113 7125 2704 2718 4689 4697 
NN 3689 692 7028 
RS -3995 -3976 6873 6892 5719 5723 
NN 3543 1830 -499 
RS -138 -136 -6711 -6695 3222 3234 
NN 3133 -3019 7690 
RS -7298 -7284 1761 1768 -2421 -2406 
NN -9385 59 3971 
RS -354 -346 3191 3196 -3761 -3756 
NN -328 -5083 3161 
RS 8431 8437 -855 -848 -7744 -7741 
NN 1385 -2433 -3751 
RS -6845 -6840 1815 1826 3269 3280 
NN -7989 6813 9172 
RS -3859 -3853 -4801 -4792 -2495 -2476 
NN -4961 2475 8244 
RS -4551 -4547 -385 -373 2663 2673 
NN 5362 -1821 -6408 
RS -4760 -4744 -6292 -6278 -5621 -5616 
NN 5469 4333 -2705 
RS 1962 1970 -8351 -8346 -6191 -6179 
NN -5645 -323 1790 
RS 5623 5623 -4643 -4636 -9089 -9075 
NN -2310 9466 6753 
RS -467 -452 8732 8740 9940 9947 
NN 4872 -6323 7440 
RS 9490 9496 9204 9208 3584 3604 
NN -9309 -1670 -7046 
RS -8810 -8802 3748 3759 -2068 -2059 
NN -1550 1237 -2444 
RS 9900 9901 -8284 -8274 7964 7973 
NN -7571 -6273 3137 
RS 6660 6677 -4610 -4610 5852 5852 
NN -8589 8828 -1666 
RS -5723 -5704 8055 8069 6525 6530 
NN 4091 7393 7237 
RS -6549 -6542 7105 7111 6615 6628 
NN -6049 1001 -9330 
RS 580 596 471 480 5770 5786 
NN -9381 5701 -1743 
RS 4847 4847 7673 7682 8098 8101 
NN -1683 -9214 1735 
RS -191 -182 -8313 -8303 8385 8388 
NN 6228 -6620 -4337 
RS -2998 -2988 8651 8657 1159 1165 
NN -6555 8509 -2446 
RS -1974 -1972 -5081 -5074 -3848 -3828 
NN -1283 -5345 6911 
RS -8669 -8663 -1695 -1685 -8120 -8117 
NN -3538 605 4308 
RS -8904 -8904 -6316 -6309 -8274 -8263 
NN -1235 -4598 1135 
RS -2783 -2783 -961 -961 -1802 -1798 
NN 9967 -1011 1163 
RS 1532 1537 -6388 -6388 -9160 -9158 
NN 963 -4255 -4618 
RS -6388 -6374 -8735 -8716 3898 3901 
NN 1723 4231 -1757 
RS -828 -820 -2710 -2702 9344 9360 
NN -895 3631 4819 
RS -3373 -3356 -2590 -2575 8546 8551 
NN -8999 -9410 795 
RS -1295 -1283 -6461 -6455 -7197 -7180 
NN -5033 -2827 2818 
RS -2046 -2046 -6914 -6898 -6305 -6296 
NN -3863 7914 -113 
RS -7983 -7967 -2222 -2213 3440 3440 
NN 7035 -1333 -5248 
RS -1128 -1109 6967 6971 -5150 -5142 
NN -4032 -7683 4096 
RS 418 427 7368 7373 -5792 -5790 
NN -2095 -5685 3349 
RS 3915 3935 5714 5727 4171 4177 
NN 3183 -7977 -7042 
RS 4840 4859 -9641 -9626 -6026 -6019 
NN -3370 -5285 1165 
RS -9583 -9566 920 936 7910 7920 
NN -9744 -8347 6916 
RS 2512 2519 -722 -705 2963 2965 
NN -6806 -3764 -2991 
RS 5762 5767 -8131 -8116 6197 6198 
NN 3228 -6483 -9639 
RS -2422 -2422 1277 1289 4447 4462 
NN -5353 -9606 3916 
RS -8312 -8300 1772 1790 6950 6960 
NN 6776 -8342 386 
RS -9196 -9182 -6513 -6495 -3351 -3338 
NN -9020 9173 -9860 
RS 7775 7791 1078 1095 -1171 -1167 
NN -9148 2264 4710 
RS 4095 4098 6184 6195 8277 8282 
NN -5786 -4940 8877 
RS 1568 1579 793 799 -8458 -8458 
NN -5926 -3660 -7634 
RS -6402 -6385 4147 4167 -3640 -3626 
NN 1415 6916 5074 
RS -6156 -6139 -9243 -9225 -761 -759 
NN 5206 -9220 225 
RS 2917 2934 -6942 -6925 -3931 -3913 
NN -4305 8247 6066 
RS -1804 -1799 -5324 -5305 51 66 
NN 971 -1984 -1284 
RS -8856 -8837 -5641 -5625 8104 8118 
NN -5192 -1628 -1668 
RS 7807 7811 -7946 -7930 2313 2328 
NN -8427 -9793 9728 
RS 6642 6654 -7372 -7371 3095 3110 
NN -3284 -4977 -3727 
RS -5828 -5811 1486 1504 -4830 -4819 
NN -788 -7783 9511 
RS -4508 -4499 9629 9642 -4995 -4984 
NN -9007 -6142 -294 
RS -1391 -1390 -9713 -9703 -7193 -7185 
NN 1543 554 -5800 
RS 713 713 -409 -404 5895 5909 
NN -2386 -8944 -2013 
RS 3331 3340 7838 7852 -1882 -1873 
NN -4222 2067 9607 
RS 4397 4398 -498 -490 -3706 -3686 
NN -8637 -5050 4468 
RS -7419 -7417 4991 5008 17 22 
NN -4450 -7337 6862 
RS 133 138 2204 2223 -6666 -6649 
NN -4166 2190 9742 
RS -7796 -7784 7071 7084 6625 6638 
NN 6155 -7791 4624 
RS 4117 4125 9555 9570 2096 2108 
NN -6178 10 -8440 
RS 3380 3389 -687 -680 5213 5228 
NN -3422 -6234 -9829 
RS 6129 6141 2261 2262 -6377 -6358 
NN 702 -2519 -1423 
RS -5228 -5224 -4632 -4629 4334 4354 
NN -7688 -8414 9881 
RS -5891 -5876 7127 7137 -6336 -6325 
NN -5439 8453 1407 
RS -1307 -1305 -6696 -6683 -3638 -3628 
NN -9176 -8979 3815 
RS -8739 -8736 -5333 -5326 4301 4311 
NN -1805 -1146 -5646 
RS -655 -635 9473 9475 853 860 
NN 7759 8069 -8261 
RS -4904 -4888 8196 8207 741 759 
NN 2508 926 8871 
RS 9662 9666 3998 4003 2178 2183 
NN -1391 -9339 -9362 
RS -7322 -7309 886 888 -4877 -4860 
NN -4288 9708 -5120 
RS 5026 5040 -8326 -8309 2346 2361 
NN 9916 -90 8493 
RS -1777 -1760 5560 5579 -5894 -5879 
NN 2978 -5005 3717 
RS -6900 -6888 5588 5595 5097 5097 
NN 4282 768 -7878 
RS 7132 7139 -3234 -3231 -1649 -1631 
NN -2648 -1132 5250 
RS -6235 -6232 -7836 -7818 -4827 -4825 
NN -3677 5191 -251 
RS -3645 -3645 3848 3863 4375 4387 
NN 7840 9291 222 
RS 9630 9636 4329 4330 -5390 -5371 
NN 4937 2804 -5775 
RS -6648 -6645 7863 7864 -3528 -3527 
NN -5461 -3110 -3884 
RS -9586 -9580 -1020 -1009 -3995 -3977 
NN -1204 2027 6256 
RS 7197 7203 9706 9713 669 679 
NN 2285 -1944 1212 
RS 776 777 -9308 -9290 -9868 -9868 
NN -9891 1632 -9107 
RS -9377 -9358 -3063 -3053 6258 6267 
NN 464 -3666 904 
RS -9114 -9114 8911 8930 -4211 -4205 
NN -5711 -265 -2845 
RS -1025 -1015 -82 -70 1814 1824 
NN 1299 3827 3378 
RS -3939 -3936 -3918 -3910 -6565 -6547 
NN 3087 -8337 7246 
RS -8018 -8000 8949 8967 7544 7557 
NN -364 -2712 1095 
RS 1477 1483 -8567 -8565 983 992 
NN 3419 5672 -7421 
RS 10 26 2996 3007 -8483 -8467 
NN -2982 7943 4707 
RS -4484 -4470 -3039 -3023 9195 9206 
NN -6507 -9984 8453 
RS -494 -485 -6829 -6823 -970 -952 
NN 2833 6667 -6229 
RS 1069 1080 -3499 -3482 6478 6497 
NN -4754 9122 -6156 
RS 1860 1869 -3470 -3452 -7894 -7889 
NN -2315 9699 -2644 
RS -9290 -9271 374 380 -1918 -1910 
NN -9003 2386 -8741 
RS 3779 3791 9440 9456 7476 7476 
NN -8383 -8240 -2368 
RS 4373 4377 5346 5351 -4194 -4186 
NN 7863 5441 7284 
RS 9855 9855 -8970 -8955 -7127 -7115 
NN -6552 5550 -8798 
RS -2608 -2607 -4468 -4465 4584 4596 
NN -7672 -6971 5532 
RS 1279 1289 -4210 -4190 -1589 -1576 
NN -6257 1774 7008 
RS -557 -552 -2629 -2620 -4065 -4051 
NN 8224 -8582 4383 
RS 7118 7133 9075 9086 6727 6731 
NN -4954 -8346 -2700 
RS -5520 -5503 3649 3663 9929 9936 
NN -3018 -5313 7441 
RS 5672 5683 6982 6985 -2791 -2778 
NN -2669 9652 -2737 
RS -6222 -6208 498 518 1171 1176 
NN 3726 7600 5608 
RS 1171 1187 1490 1501 4930 4949 
NN 2638 5348 -8018 
RS -8193 -8178 6336 6346 -8959 -8958 
NN 8457 3083 4150 
RS -2820 -2814 3890 3890 4202 4208 
NN -9301 -8670 804 
RS -824 -812 4588 4604 -4951 -4933 
NN 886 575 -153 
RS 2193 2203 5084 5092 4396 4407 
NN -600 -7873 -3103 
RS -9597 -9579 -1985 -1978 -1071 -1069 
NN -6182 2262 -2737 
RS 5928 5932 3712 3727 5451 5467 
NN 8555 3040 -67 
RS -2738 -2727 9003 9012 8312 8329 
NN 4044 -5151 -8954 
RS 1108 1121 -1741 -1733 5170 5174 
NN 5934 -6903 5597 
RS 7701 7721 791 792 -6728 -6719 
NN -9119 312 7194 
RS 1143 1150 6952 6956 -4034 -4028 
NN 1348 2573 -2740 
RS -6195 -6194 -3960 -3951 -9959 -9957 
NN -9426 -7512 1314 
RS 2128 2128 9925 9928 -412 -402 
NN 3087 2309 2480 
RS 4970 4985 -1069 -1069 -156 -140 
NN -6200 1768 325 
RS 944 948 8488 8508 6373 6393 
NN -9431 242 -153 
RS -7305 -7292 -9140 -9121 1771 1789 
NN -2474 3827 -9752 
RS -2139 -2128 9602 9616 -9139 -9137 
NN 2512 9762 -4550 
RS -5593 -5590 -8088 -8087 4585 4589 
NN -8345 -4163 -1556 
RS -9459 -9451 5124 5127 8206 8213 
NN -2887 6398 1977 
RS 4037 4038 4907 4920 -157 -142 
NN -2725 5252 -5326 
RS -3714 -3712 510 523 -6122 -6105 
NN 3551 -60 -1653 
RS 5949 5966 -9907 -9897 9333 9352 
NN -650 5811 -7911 
RS -7644 -7638 -9934 -9924 3203 3215 
NN -9744 960 -7287 
RS -6769 -6751 -1356 -1347 2954 2961 
NN -4095 -3720 291 
RS 734 735 -1432 -1415 5699 5702 
NN 3593 3128 6745 
RS -3478 -3459 4782 4784 1326 1342 
NN 7405 2475 4010 
RS -7334 -7324 1985 1990 2807 2820 
NN -4312 -478 3316 
RS 9642 9660 7664 7664 2286 2302 
NN -6867 -2387 -1927 
RS -6218 -6198 -3002 -3000 5332 5350 
NN 7178 4312 -4451 
RS 9944 9954 6044 6053 9163 9170 
NN 5054 -6445 -5371 
RS 8461 8468 2896 2913 8174 8187 
NN 2783 9959 7755 
RS -8168 -8148 -5134 -5125 -4623 -4621 
NN -4703 2375 -1363 
RS -3114 -3107 -3602 -3583 9431 9442 
NN 8426 -4362 -7226 
RS 3975 3977 -3510 -3494 -5071 -5061 
NN -8359 706 -2384 
RS -7809 -7796 8560 8577 -5715 -5704 
NN 5415 -2150 -3178 
RS 5881 5886 6275 6279 5319 5321 
NN 6375 -8433 3313 
RS -7104 -7093 814 825 -1678 -1670 
NN 9449 -3570 -3884 
RS -3952 -3948 -9930 -9919 7401 7420 
NN -1789 -478 -7599 
RS -4058 -4053 5091 5105 -6289 -6279 
NN 5587 -9862 -767 
RS -6945 -6941 1823 1840 2233 2236 
NN -2364 3970 9840 
RS 2682 2685 -4132 -4125 -4853 -4841 
NN 9708 -8326 5859 
RS -487 -478 1688 1695 3143 3153 
NN 8146 -3787 3108 
RS -7215 -7214 4437 4441 -1107 -1089 
NN -4809 867 -7413 
RS 145 151 -1293 -1292 -5778 -5769 
NN 1747 4768 -3436 
RS 4712 4715 5812 5812 -301 -299 
NN 9506 -5475 -2216 
RS -1404 -1398 -11 2 8361 8377 
NN -872 -9439 8222 
RS 71 73 861 881 -8947 -8929 
NN 90 -2235 2210 
RS -2685 -2676 2108 2123 -1767 -1765 
NN 2784 4298 -7526 
RS -9825 -9808 2105 2118 -585 -566 
NN -1820 6210 7398 
RS -5172 -5167 -4274 -4264 7466 7484 
NN -353 -8717 28 
RS 7467 7471 -3730 -3714 -5470 -5453 
NN 8957 9323 9478 
RS 3351 3364 386 390 120 139 
NN -9045 5589 -9966 
RS -7838 -7827 6027 6036 8695 8709 
NN -6508 7686 4885 
RS -3918 -3915 7741 7753 -4245 -4234 
NN 5039 -1654 8689 
RS 6824 6836 3709 3716 1939 1959 
NN -510 -6444 6093 
RS 8864 8869 -4001 -4000 -5471 -5471 
NN -3392 -960 1118 
RS 4437 4440 6783 6795 2769 2772 
NN -5482 4949 1259 
RS 1786 1804 -4931 -4924 4625 4638 
NN 119 3273 -8830 
RS -1943 -1937 -6328 -6321 3383 3395 
NN -4428 -9484 -2877 
RS -7273 -7253 -905 -886 -9430 -9411 
NN 3932 3993 -2504 
RS -4210 -4195 -9785 -9780 -3106 -3088 
NN -2897 1976 981 
RS -2287 -2280 2086 2094 -3833 -3829 
NN -795 -6221 6318 
RS 6484 6491 2687 2704 -7094 -7092 
NN -3355 -949 -9380 
RS -2783 -2766 -1904 -1896 5201 5211 
NN -3702 2938 -9375 
RS -657 -651 -851 -836 8120 8135 
NN 4775 -3182 5711 
RS -590 -585 -7530 -7513 -3731 -3725 
NN -364 5754 5446 
RS -6823 -6820 -1275 -1258 -6115 -6099 
NN 2777 3317 9550 
RS -2373 -2353 3550 3558 -4810 -4798 
NN -8165 -502 -4595 
RS -5756 -5747 -606 -596 1920 1938 
NN -2849 3294 -1966 
RS -200 -184 -7213 -7200 4571 4588 
NN -3316 9828 -9767 
RS 6089 6097 -6152 -6147 -1556 -1555 
NN -6766 -5308 -2930 
RS -4221 -4210 9544 9544 -9865 -9845 
NN -6037 -3796 1773 
RS -7715 -7708 -1896 -1896 1679 1699 
NN 7707 5810 -5991 
RS -7622 -7617 -8250 -8235 -4073 -4061 
NN -6405 -5900 -6346 
RS 3104 3105 956 965 745 765 
NN 1122 5254 8296 
RS -5007 -5004 -8548 -8542 3609 3627 
NN -4879 -5230 4641 
RS 44 62 8208 8211 -7454 -7438 
NN 7069 2092 1061 
RS 6189 6190 -4320 -4301 -3497 -3495 
NN 5496 -9478 -2311 
RS 154 161 -1037 -1022 2830 2834 
NN -3767 9083 -2955 
RS 8119 8133 9719 9725 1736 1750 
NN -5340 -5672 7434 
RS 7891 7904 -5828 -5820 7378 7388 
NN -916 4739 -9373 
RS 1458 1471 -3152 -3140 -6367 -6348 
NN 9105 -6304 4470 
RS 9671 9691 -1689 -1673 -7987 -7983 
NN 7205 1193 -424 
RS 4032 4035 4454 4472 -4505 -4498 
NN 703 9380 -6675 
RS -6413 -6394 3692 3712 -5961 -5958 
NN 1465 -6290 -5453 
RS 4657 4674 -2989 -2977 7668 7669 
NN -66 8290 6477 
RS -1303 -1296 -9979 -9961 3162 3167 
NN 7153 -5208 5922 
RS -4339 -4333 7280 7282 7812 7812 
NN -711 -7399 -9869 
RS -3427 -3407 6525 6525 5240 5253 
NN 8197 -8678 -833 
RS -4185 -4181 -8785 -8785 9920 9923 
NN 5902 -3059 -5005 
RS 2383 2387 -3852 -3842 -2180 -2169 
NN -8950 -3332 6314 
RS 3965 3985 -8173 -8153 -4630 -4622 
NN 5548 6289 6580 
RS -7621 -7603 -3894 -3894 -8635 -8624 
NN -6716 7306 3040 
RS -6076 -6073 5082 5088 -4085 -4082 
NN -4158 5128 3269 
RS -8927 -8908 -7040 -7038 -8387 -8381 
NN -4489 -8123 -1518 
RS -6875 -6857 -8593 -8580 982 986 
NN -8794 4220 8350 
RS 7919 7924 -2498 -2496 -4962 -4953 
NN -2799 2445 -3302 
RS 1367 1372 -3810 -3806 -198 -178 
NN -7 5726 -8620 
RS 4217 4224 650 657 6944 6945 
NN 507 4772 -4621 
RS -1086 -1083 -5301 -5298 5142 5159 
NN -5312 2787 -2763 
RS 3292 3312 3948 3948 2094 2105 
NN 4049 8527 -6135 
RS 2696 2708 -1920 -1906 9279 9285 
NN -1504 922 6867 
RS -4910 -4894 -124 -121 -5477 -5469 
NN 9468 -1165 1108 
RS -3152 -3142 1140 1158 -4982 -4977 
NN -1141 161 -5322 
RS -9704 -9693 1856 1876 6869 6871 
NN -3418 9749 -9105 
RS -5484 -5479 4493 4513 -6168 -6154 
NN -6395 -8030 4621 
RS -8545 -8535 956 975 2379 2395 
NN -9789 8630 -6118 
RS -3765 -3747 9845 9846 3165 3172 
NN 1924 -2563 -9598 
RS -3804 -3786 6518 6533 -2553 -2545 
NN -4659 -8840 -3595 
RS 9055 9067 1544 1550 -1798 -1790 
NN -9817 9619 -3709 
RS -3958 -3946 5038 5038 1292 1295 
NN 2375 7727 -4308 
RS -9977 -9967 9838 9853 8946 8948 
NN -9956 -8454 5181 
RS -6670 -6662 -4200 -4183 6883 6890 
NN -1349 255 8568 
RS -6493 -6490 -6994 -6987 2339 2344 
NN 6848 6018 8606 
RS -4373 -4373 8536 8538 -2230 -2223 
NN 5189 2573 -9588 
RS 2956 2975 -5107 -5101 7450 7458 
NN 1148 -1790 8109 
RS 5073 5092 8194 8194 -9016 -9010 
NN 6913 -7885 -4521 
RS -6147 -6138 -1920 -1911 6651 6667 
NN 8651 391 7572 
RS 2223 2239 2067 2067 -6411 -6410 
NN 2684 -3068 9518 
RS 5024 5031 -8033 -8014 -4437 -4422 
NN -8260 -9533 4564 
RS -2541 -2539 4042 4043 9137 9141 
NN 9920 8 8445 
RS -2626 -2624 -3210 -3199 7066 7083 
NN 2162 3621 2359 
RS -7319 -7305 -3468 -3451 5200 5207 
NN 1326 7002 9841 
RS 5518 5530 3283 3286 6500 6516 
NN -6099 1645 -1057 
RS -2064 -2060 -623 -604 -8947 -8933 
NN -7500 1374 2815 
RS -347 -343 9082 9101 5983 5993 
NN -1014 1290 -3410 
RS 6277 6282 4979 4988 2898 2918 
NN -7820 -669 4654 
RS 7454 7455 1902 1911 -9564 -9556 
NN -4745 -9016 -8482 
RS -9175 -9172 5662 5674 -6746 -6729 
NN -1804 -3936 3380 
RS -1745 -1729 2687 2699 -7752 -7752 
NN 5219 -9109 5509 
RS 1537 1545 -8352 -8347 9697 9709 
NN 9814 -4191 -2020 
RS 4201 4214 9280 9296 -5462 -5447 
NN 1753 -6405 4241 
RS -6055 -6037 -6582 -6580 9476 9495 
NN -5002 2281 -6754 
RS -4955 -4938 -5792 -5783 5248 5263 
NN -4821 3390 3187 
RS -1402 -1386 -3448 -3440 1058 1065 
NN 9214 455 9020 
RS 4762 4779 7742 7762 -4810 -4802 
NN 8652 7406 4047 
RS -181 -163 -358 -344 -3481 -3473 
NN -9151 -2467 -9440 
RS -5342 -5323 9983 9993 2140 2140 
NN 9119 4771 -2246 
RS -475 -466 5822 5830 8205 8213 
NN -6764 -3679 8866 
RS -3918 -3899 8124 8128 4961 4964 
NN 9950 -8447 6362 
RS -7052 -7033 -8138 -8132 1968 1975 
NN -565 4719 1622 
RS -899 -879 -5062 -5050 -1227 -1209 
NN -6477 -6001 -5148 
RS 1511 1523 1882 1900 1437 1444 
NN 9127 -9147 -7950 
RS 6804 6812 5562 5579 8160 8178 
NN -4150 -9333 -6928 
RS 2833 2839 5753 5759 -5667 -5664 
NN 8815 -4832 -4812 
RS -6148 -6141 -4834 -4830 1414 1417 
NN -360 -449 7567 
RS 3829 3831 -1612 -1601 1023 1031 
NN -7769 -5262 -7608 
RS -9292 -9278 9332 9339 9271 9284 
NN 6040 2478 6434 
RS 3818 3831 4875 4875 1921 1926 
NN 1452 289 2548 
RS -3838 -3822 620 633 7580 7594 
NN -9963 6073 -4968 
RS 2842 2850 7927 7930 -8308 -8298 
NN -8117 -5326 -995 
RS -5512 -5501 -7496 -7486 1649 1669 
NN 3843 5682 6260 
RS 1530 1536 -6560 -6541 -4791 -4779 
NN -6235 -7579 -8096 
RS -7042 -7025 -7947 -7940 -2724 -2704 
NN -3253 -4747 -6282 
RS -6074 -6064 -749 -744 6750 6763 
NN -8426 -331 -6731 
RS 6099 6103 8541 8543 -1075 -1063 
NN -3106 3674 5848 
RS -939 -920 -2774 -2759 -747 -727 
NN 8841 9747 -8839 
RS -2163 -2156 5499 5516 -3909 -3896 
NN -2320 -1559 -9873 
RS -6022 -6010 -9610 -9595 6761 6770 
NN 9989 5745 -2520 
RS 4487 4491 -3234 -3222 -6851 -6851 
NN -1260 -7366 2796 
RS 4363 4377 -3462 -3453 3365 3380 
NN 6880 -9704 4478 
RS -539 -526 7523 7529 6338 6350 
NN 8864 6670 -463 
RS -1408 -1401 5461 5468 8965 8983 
NN 1711 -3450 4608 
RS -8133 -8119 3710 3723 1923 1937 
NN -7315 9226 1285 
RS 5080 5090 -8525 -8525 3066 3080 
NN 7355 -1301 -9445 
RS -9898 -9897 1437 1456 -7257 -7254 
NN -2190 888 9487 
RS 1204 1206 -1316 -1309 7692 7701 
NN 3941 8443 -467 
RS -9873 -9865 859 875 -2836 -2831 
EXIT
