1000 3
4396 -1865 -2435 
5844 -7644 -4113 
-6338 6235 -5818 
-568 217 9222 
-9226 7437 -2523 
-8072 -5866 6396 
-6571 6780 3255 
3651 9778 -716 
4205 -9933 -1256 
-4354 -6103 -3774 
-8083 -376 -3036 
6040 1902 -8686 
-6582 -2364 -675 
3482 -7378 -5828 
1353 -681 8516 
-238 -2578 1575 
-6241 -8667 -8775 
-5949 3994 8041 
2175 -4809 9294 
-1510 -326 5155 
5781 9412 -209 
-9217 -6148 3641 
8971 7523 5006 
-1768 9544 -6849 
-4737 -3568 -7657 
-2180 -2583 -8425 
-9414 1499 -4670 
9954 -7367 6630 
-5180 -6273 829 
3318 9335 3092 
9602 -9512 2816 
4405 324 -2310 
-9784 3804 8983 
9660 1581 3958 
2346 -2387 4612 
-2789 -1018 9520 
5104 -8404 30 
574 1114 -5657 
232 1151 -1165 
8939 -3358 3396 
3975 9898 -8940 
3509 -1004 -4139 
-2181 -2644 -6324 
-4373 4203 -6332 
-1139 2831 1224 
297 2889 8438 
-1863 1531 -8568 
-3953 7029 -5462 
-3267 -3784 -3 
-3234 -9115 -3959 
-2930 869 -1597 
3394 -2834 7082 
250 9238 -5138 
4883 8496 -8605 
-7129 6227 5375 
-8363 7412 -6432 
-2371 5898 -5593 
-1606 8368 -6851 
9651 -6106 6033 
-4550 -5165 -7344 
7533 -7617 -8772 
2482 1116 7263 
-1493 8740 -8218 
-5852 8345 2453 
4524 -3084 -5073 
-6242 9183 1960 
6512 -9839 -1326 
-2646 865 -8200 
-2239 9307 -1600 
-5845 -7951 -3722 
304 4790 -987 
-6776 4366 -4913 
78 -9712 -9438 
2604 -3992 -8271 
2766 2577 905 
3733 5208 -1147 
-5322 -7074 -4994 
2278 -9451 7892 
-1749 5215 5520 
-939 -7524 -2098 
3389 -6889 9743 
6523 -8108 -6076 
-6128 3227 3335 
6252 -2653 6475 
-908 7055 7072 
-8756 8150 -4230 
7140 -7163 5750 
-1516 212 8759 
-2909 9357 -4376 
4337 3295 3974 
-4158 1451 1203 
6533 2305 9795 
9280 9317 -8867 
8796 -9533 6060 
5469 2498 -6414 
-1075 -4113 -3698 
3988 1919 -4286 
8447 -5234 -7890 
2105 -2759 -7993 
1684 2802 -7089 
3455 6239 4411 
188 6785 -5635 
6359 4966 -5767 
1506 354 -3131 
1672 5379 -6749 
-3085 -5355 7142 
-4559 8271 9682 
3127 -6151 -3815 
3455 5555 7105 
900 8771 2820 
3517 -8017 -6860 
5227 -7140 -7777 
-1388 -7534 -4735 
-9889 4425 4974 
-8721 -5283 -8174 
-5594 57 8502 
-9247 -1743 8729 
5085 -9762 -4469 
393 -4782 -20 
-3373 4911 8880 
-7436 1102 953 
6175 -783 9465 
4805 -9423 1298 
6906 -6561 4499 
-4170 -3075 8368 
7732 -2092 3433 
-3587 -1265 9180 
-8446 -458 9250 
5991 -3220 -454 
-5601 -7416 4053 
4625 2794 8647 
-715 -8800 -517 
-6843 -5929 -7145 
-2757 -7406 2930 
-3954 5093 8239 
-9447 1520 8061 
2411 -2700 -4130 
-2297 1071 -2844 
1418 -8679 942 
-3455 8316 -2930 
-2377 276 1060 
-9203 -1731 341 
-4879 -333 4355 
-6915 991 7517 
-5467 -6482 3279 
6405 7557 -1483 
-7284 -3101 -3894 
1121 3406 -8531 
6678 379 2322 
6025 9816 5399 
7225 6749 -9106 
-6124 6514 6616 
8807 -4153 -6575 
-4507 -8784 -6009 
9383 -6945 3406 
-3577 4526 9579 
2272 5029 9828 
-8660 4686 3738 
1691 620 -2687 
540 5779 -6812 
-4213 2071 6916 
-6916 -9962 3710 
830 -1016 -929 
9870 3447 -4171 
-1512 8787 1140 
7306 9210 3120 
-3985 -1911 -3886 
4629 -3527 2109 
-1527 -3891 -8825 
-7193 -6152 8464 
4762 7255 3143 
-9975 4247 3114 
-3627 6518 4157 
4475 -844 -9015 
-1635 -4671 6479 
-2004 9533 9906 
-8172 -4932 9180 
-901 -8550 -4883 
-2937 4283 -8161 
-5515 750 2637 
-4768 -4863 -6978 
-6627 8664 3992 
-4284 9052 8538 
-6236 -7232 8311 
-6351 -6737 4785 
2762 2177 275 
1062 -7561 -9245 
742 878 -9513 
3439 7389 3922 
-8837 -1643 -1634 
-2313 -9214 7362 
-6124 9608 -7644 
-1360 -2329 9008 
-4796 -9088 3148 
-2403 -3773 -171 
8214 -2235 3287 
5264 -7156 -3067 
8334 -1073 -3485 
1597 -5213 -9225 
-7986 775 -9497 
-670 -7815 -8846 
-9331 3793 -2070 
4154 -736 -4080 
9213 5807 8974 
1930 297 2128 
-759 1577 -7830 
-2455 -3210 -3721 
6184 -1989 -3941 
-8386 -4677 -5408 
6190 4756 -8219 
9480 9089 -5208 
8114 -4618 4505 
7135 618 901 
-9716 1033 -1984 
-369 -73 -7242 
7447 9762 -7804 
6631 -7540 -4949 
-8041 7306 -6013 
-80 -1367 6715 
-2887 9944 -7154 
4903 -528 3463 
4720 2310 -5454 
-3006 -4438 1667 
-1314 -6648 -6060 
7853 6221 8869 
-5483 -6546 5549 
-6712 3279 700 
-6533 667 8280 
-6182 6703 -4081 
6799 -8037 328 
-7881 3760 -649 
6395 -8460 -18 
461 -808 3913 
5700 2098 4536 
2823 8248 -9655 
-2666 -5506 2493 
-6622 -5608 -176 
-1618 7786 -7942 
8038 -5885 1251 
-860 -862 -6979 
1520 -2629 1045 
4708 -730 -3155 
-307 498 7819 
-8259 -945 -7082 
9971 -1873 -16 
-8892 2984 -3382 
1874 -3779 4217 
-97 4653 6336 
-4526 -4453 -5578 
-8746 4566 8301 
8099 6897 8175 
-1 -3634 -6010 
3982 -5835 9644 
2953 -9693 699 
4850 -2731 -3751 
3358 9207 4858 
-4695 -8300 -2310 
-7923 6941 -8712 
4740 -2711 -8399 
6389 1240 5722 
-8594 -8623 729 
6429 -5883 838 
868 6376 -3791 
-4619 -5787 9137 
6407 -186 -5556 
-2457 -2566 2448 
5608 -6446 2995 
-9963 -461 8585 
2827 3384 -2356 
-6063 8110 4506 
-4855 442 -9187 
-9094 -889 -505 
3620 1717 -9143 
4732 -8476 -6589 
-4156 5669 -2780 
-2319 1519 -4389 
2566 -716 2206 
1739 1960 -1417 
2374 1129 -7661 
5282 -9945 -6249 
9205 1456 760 
-1048 -7242 -5098 
9769 -6840 2534 
2173 -9804 8158 
3965 -8000 -983 
9462 -1302 -978 
9267 2680 -5365 
-5156 -2991 -4005 
-7016 7447 8983 
629 3040 6007 
8880 3095 8121 
6546 8945 -4651 
1990 5216 3721 
6635 1943 541 
-2462 -4620 5454 
9700 5681 -1048 
2614 1574 -5529 
8417 3405 3178 
-3459 8974 8986 
-2512 -1884 809 
-7828 -1012 8079 
2316 -950 5697 
-7032 4401 8576 
-4146 -7495 9900 
-5175 5035 9786 
-5473 -5890 6258 
-7696 7926 8584 
765 4236 3583 
8049 -6476 7048 
-7153 -1445 -9201 
9006 -3664 -7682 
7926 3094 7181 
-2630 8036 -4450 
-3621 6743 -9504 
-9665 -5437 3605 
-9530 8101 388 
-6599 -7439 5416 
-7835 -4858 -318 
-3991 -3148 -7956 
5224 -6351 9451 
5235 -5849 -2257 
9837 -9705 -3333 
-251 3130 4465 
-1892 -7262 -6946 
-8565 -1774 3014 
5864 5382 -7027 
-4354 -1536 8163 
-7792 4334 2988 
-1784 4791 -4492 
-6531 9869 -7690 
9343 -1295 -2912 
9833 905 5272 
-2064 -5210 -3916 
8206 -9112 -5685 
9427 5935 -8086 
7016 -4180 3613 
4413 8691 1323 
1015 -1839 -4961 
-7328 -4867 4832 
9238 -5048 3228 
-5630 2310 -4423 
320 -5061 -4329 
2980 -5567 1101 
3897 2830 2977 
9743 -7041 -3842 
3325 -5527 2295 
9688 -1011 -2610 
-1318 1961 -7874 
9377 -8653 2425 
-3104 -7175 7237 
-6600 2768 1995 
739 -8010 -9652 
8910 8444 7344 
-3191 4406 573 
-3314 274 -6915 
1338 -1739 3369 
-5679 8358 5449 
-8143 3556 -5370 
-3320 9359 -1776 
1422 -8665 -4906 
4000 -7909 -2587 
2767 -8503 -7276 
-4851 -7885 1244 
3743 8617 131 
706 2139 5530 
-1578 -3734 2356 
-2928 3783 4398 
930 1890 -8358 
-7949 8213 -1526 
9192 -7453 -6604 
6466 145 9598 
4434 -8769 -2148 
7230 838 5792 
8616 3913 -36 
1054 6238 -3410 
4828 4035 7865 
77 -1123 -7774 
-1291 7083 -7160 
-4354 4110 4291 
-8016 -4345 -5653 
6103 6676 -9667 
-6660 2487 -1058 
3228 -8483 1545 
-5847 -9708 5353 
-2949 2383 3121 
8252 -6818 -9555 
8622 5840 2099 
4335 4124 -6009 
4084 295 -1560 
-7450 -6552 8804 
-4231 1566 -882 
5650 746 9552 
-5090 -7172 1803 
1724 1006 -8107 
-2265 2004 -8240 
-12 -8954 -6735 
-7277 -6784 4105 
-1387 3065 2942 
3555 -2521 -769 
-5169 3721 7174 
-9411 -7407 2375 
1959 2412 5045 
-4488 6909 2559 
9883 3852 7129 
-3350 7332 -9278 
5240 6648 -1216 
5691 -1023 9112 
130 9215 58 
2072 1163 -7458 
635 -5472 6606 
-8161 -9680 9554 
-1488 -979 1312 
-3815 9301 1472 
-5820 -3486 -4377 
4454 -2659 -6362 
2193 4342 6679 
7153 7423 -2906 
-6576 -5860 7331 
190 -9025 4971 
-6066 905 1183 
-4915 -9711 -7995 
-8955 -2159 -2967 
1588 -4606 4489 
-5553 983 1007 
-2839 -6452 -5192 
8065 -7144 6907 
-6020 7668 9560 
779 7384 639 
7823 -4925 4083 
-1257 -643 5364 
1041 409 -5425 
-7882 6853 -4788 
2693 -2365 -3414 
2025 -4170 8867 
-7715 7097 7791 
-2232 2603 6465 
-8058 -4637 3082 
7882 -5564 -8593 
-9521 -4844 88 
-4900 -1576 4788 
6346 -3624 -4570 
-5816 -7830 -9372 
-5652 -8819 6807 
-5013 -7183 8174 
2383 -4988 -6654 
8942 -3539 -9376 
-3807 880 -5217 
-4200 -8592 -2245 
3893 -6264 -2973 
-6768 9918 9930 
-481 4732 -3680 
-4519 5841 -9918 
2675 -9575 -6866 
-6611 -5753 -4160 
-3109 -3227 6873 
-3881 -2033 -6746 
74 5215 1873 
9295 -3684 2115 
7489 -6152 1122 
-9929 5680 -130 
6026 5636 977 
-7712 -7478 -430 
4500 -5905 6400 
4990 5935 -9694 
-1609 -6584 -6484 
7494 -7739 8113 
-6738 1115 -2205 
-6817 -7434 1146 
-2230 -9634 -2197 
7993 -2329 8074 
-6670 4443 -6616 
-356 -315 4669 
-7376 -652 -5493 
-3974 -4025 1068 
8336 2949 3386 
3018 -1309 3714 
8987 9389 -1264 
2675 2284 -3401 
-9586 -8914 -1975 
8329 -6163 2339 
-7753 -3083 -3569 
6696 6234 -557 
-9353 7048 -9828 
-7080 1133 7555 
9659 -3255 6261 
-6195 7278 -3980 
-5995 -921 -3384 
1175 4806 781 
-3748 -6749 -1430 
5107 -172 7040 
862 -647 9910 
-9569 3134 -5478 
2392 -3558 1081 
4894 5775 5659 
-3559 -3155 -2760 
-1107 -2605 5413 
1610 9860 672 
-8001 -9365 -4022 
-9370 9917 6677 
6826 -2648 -3234 
-745 5396 -6748 
3153 8765 -5191 
-5979 -7604 7711 
-5267 1062 6921 
3379 -5074 9413 
-7985 9691 -2074 
3686 7722 -3184 
-6260 -1054 -6544 
-3729 -9500 -3702 
6226 4349 4600 
-9883 3406 2519 
-4525 1660 9270 
-807 -7669 7854 
7011 2584 -4397 
-6870 -8993 9840 
9672 -9765 -4178 
1155 -6723 -4427 
3433 2241 -1540 
2749 4906 -7599 
-421 6623 9783 
-9241 -8997 9911 
283 2088 -7702 
-8549 -1845 6351 
8589 9476 6511 
-1730 -6316 -8462 
-5087 609 -2804 
-5711 -4612 -8194 
9469 788 9476 
-9480 -7529 5446 
2525 2270 4017 
-1135 7321 8766 
2403 3852 -8860 
-7633 26 9811 
4782 -9448 -9938 
3611 3535 6970 
3162 -4546 -5904 
3868 -9619 -457 
-4523 7451 -6446 
363 9988 -1225 
696 -3190 -8715 
-9932 -3271 9669 
3019 -2443 6869 
2557 -8049 -7658 
134 4422 -2096 
-6932 -2830 -7372 
950 7464 -7841 
3167 -9623 5985 
9320 163 -1666 
4547 -3270 3256 
248 5443 -5661 
-2680 -2667 -927 
-3318 1714 -4629 
-5062 7180 -4834 
-1344 3890 -7242 
9706 5220 -1208 
8822 -2245 -5451 
3092 5066 9464 
-9815 8485 6620 
-9922 -8888 -7173 
-7431 9494 292 
-3037 -2995 7187 
-9375 -1543 2452 
1686 6867 -739 
-6529 6979 -9876 
-1255 -5975 9667 
-7606 8169 -3908 
-5903 -4483 -3631 
3335 278 -595 
3162 -5579 -2629 
8800 1954 -1673 
-1907 -4465 -644 
-7202 9519 6636 
-1903 -6802 -1512 
4778 -2959 4752 
-7813 -9847 4242 
3613 -9521 646 
9230 -273 1926 
2376 925 -5903 
-1573 -2024 5586 
-5821 227 -14 
4014 -1648 1402 
-9389 -6132 3879 
-465 2519 6520 
7910 1656 5141 
3265 4150 -6106 
8568 -8289 2422 
-9849 1448 2627 
534 991 -8533 
333 -6198 -4629 
699 -9503 1225 
-8168 -1111 -5999 
-3066 6158 7327 
5229 -1546 3582 
6756 7079 6895 
5792 -7950 4297 
2131 9984 1605 
-8878 -5387 -2237 
-3817 3387 1111 
-250 1924 3651 
-8264 -4740 -6905 
5210 -9770 -676 
-5898 -9122 5143 
2420 1108 -4519 
-7013 9588 -7383 
133 4681 4243 
3030 1455 9736 
9474 -727 -277 
2252 -8637 -5608 
4037 -1618 3682 
1411 -5778 -2023 
8885 635 6872 
711 9454 1586 
3507 -2098 -1382 
-774 8811 5700 
5257 -870 -7027 
9728 1614 -7833 
-9406 -6642 7712 
-2874 5679 7916 
-444 -5282 6150 
-1274 -8252 6090 
-143 -7639 7372 
4243 -6233 -8950 
-3616 5998 8996 
9436 4080 -718 
-6430 8483 -1243 
739 9201 -2497 
6918 -6507 8085 
8884 7139 4509 
8367 -5514 -7057 
2529 3109 -9093 
5149 -5739 -3361 
-1892 4877 -3328 
7674 4291 -9839 
6407 9796 -6403 
813 -7248 -7040 
-3305 3704 -5865 
4356 -5112 6679 
-3225 2742 -3280 
-3772 1359 2857 
-5891 1092 843 
-9207 -8161 1467 
9229 -7539 8798 
5677 238 4886 
-7637 -9708 -4822 
5628 -9772 8900 
-2797 -6270 1296 
7212 -4396 -1443 
6888 3662 -802 
3126 -8619 3381 
-470 4130 -7795 
-9883 -5915 -5375 
8850 -8216 9452 
-6328 8631 -5634 
1411 6512 5062 
1455 721 -6171 
9401 -1908 4317 
-521 7004 742 
5649 -5379 -5397 
-9871 9871 -4210 
4799 -701 3736 
8707 -8148 -8105 
1256 9002 6197 
-6249 -1653 -3763 
1925 -8272 -8549 
7265 8117 -1222 
-6978 8650 334 
8395 4339 4895 
-1016 -1214 -2958 
728 -4736 -3095 
7059 5304 4818 
-5441 4919 -2259 
4315 8248 -4489 
5984 6887 1239 
-4667 1608 -7433 
-8606 -1063 -8151 
-3161 -1129 8774 
1352 -7437 9158 
-6715 928 -2364 
-1951 -3714 5351 
4350 3181 -3499 
5331 6974 -1584 
9038 3405 3046 
-9244 3092 8698 
-6462 6361 -6165 
3010 412 -5430 
-8768 4922 536 
6611 5500 5127 
-7018 -1782 9504 
9655 -3647 5066 
-2706 7878 -8445 
-518 -575 7838 
-932 -6322 -7868 
7632 -8655 -8853 
-532 5853 666 
-4452 -8262 3907 
-1136 1699 -3809 
-3509 9982 -1644 
8049 -5619 6850 
8290 -2640 2931 
-9329 9628 -5697 
338 -5256 4473 
934 -2073 -7691 
-5696 142 -9802 
4707 -3187 -5889 
282 5163 3950 
-6765 -1789 1912 
-9976 4963 1405 
9189 6962 -6587 
-1975 843 9824 
8584 9342 -128 
-3615 -117 7939 
3993 -6949 -1819 
-1021 -4077 5561 
-40 2036 -2828 
4927 -1512 363 
-1218 -3038 -6157 
-7311 8931 -4670 
-2395 6162 -3008 
6052 -5210 2748 
1375 -6160 3876 
2431 3278 1355 
6036 5305 9491 
-369 -3082 5845 
6703 -5969 121 
-1920 -1238 2993 
4378 -1950 2048 
7770 4825 7376 
-9044 3249 3730 
-635 2766 -7506 
-2665 4733 9638 
-436 5851 9908 
7458 9293 -9983 
-2647 5868 4135 
-3376 625 889 
-7377 -3017 -3395 
-9151 -209 2192 
9719 -3634 5465 
1639 3465 3873 
-4986 -4225 -4348 
-1808 5014 507 
-2151 -7275 -544 
2382 3276 6891 
-6044 7416 -9305 
-4937 -2755 -2728 
328 9367 -9365 
7589 -6447 5678 
-7845 -6043 -1626 
-9128 2555 -1637 
-306 -5039 4976 
-4133 -3548 1992 
-5982 438 5507 
4378 2001 270 
-428 -8266 -7170 
-6089 7283 6078 
3258 6465 -8437 
-1448 7040 4600 
9096 6710 7950 
-7959 414 -6765 
5957 -2475 -1016 
-4278 -2382 8137 
-7988 3481 7160 
79 6079 -3933 
7718 6711 -2360 
2282 -2547 -5690 
5693 -9610 7307 
2283 1470 6912 
-3627 -4775 6665 
-41 -9429 810 
9933 -7412 -4606 
5041 -4793 -4716 
-7590 -446 7101 
-5860 6156 5973 
-4080 -1333 2112 
3020 -2986 2767 
-3349 8742 -6055 
5004 8556 7760 
2186 80 9258 
-3852 -1802 4688 
7792 -264 3673 
-2740 -9966 3502 
1787 -4328 213 
8708 -7937 1711 
-7300 6733 6220 
-8649 7801 477 
7657 -9290 5922 
7257 -4697 -3754 
167 7060 -6671 
-9693 406 8136 
-344 8379 -6637 
-8304 8503 -2333 
-6423 413 1274 
7510 6902 -3094 
9102 3741 3110 
-1768 -1469 542 
-757 8566 6364 
1724 2578 4132 
-3935 -668 6288 
-7853 8813 4843 
-7732 5512 2508 
-366 1639 -1199 
5331 6098 -2733 
-6682 8140 -2489 
160 9002 -1697 
7576 -3937 -7242 
2271 -1748 -3426 
3953 -8002 -290 
25 8537 150 
-4406 5294 3318 
-5754 2946 5834 
3669 -3643 -6893 
-1019 -5315 -4660 
-1710 -6559 1190 
-7667 -9916 4486 
7143 -2273 8501 
-8158 7405 548 
-804 -8176 8988 
-7302 -6101 7356 
-8908 3295 -7182 
-6622 2292 2075 
-6084 -5119 -8278 
5645 -4462 2895 
-7770 5727 -5780 
3473 -2160 4168 
6246 4057 4530 
-730 3436 -9366 
4220 3141 -4122 
1533 2317 7314 
6360 1566 7086 
-7708 6572 -7701 
3867 5515 4923 
597 8600 -1658 
-1477 5039 6783 
9739 6640 8828 
-8731 -3329 3995 
-6955 -9767 6669 
-9009 5604 -7001 
-1749 8024 3498 
328 -4573 -3633 
5435 4880 -467 
9493 -5177 7367 
4026 -9242 7400 
-1091 -3664 5950 
-1252 9470 -1843 
8750 9746 -7790 
-4995 9249 -9915 
8081 4719 8452 
-7501 -1451 2335 
-6464 5245 -848 
-9756 -6921 -4394 
-5676 -2011 -9726 
-7013 -2157 -2202 
-6854 -263 -6000 
4019 8275 -987 
-7627 -1511 -6836 
-5959 7030 -9771 
7823 -119 1358 
5849 2433 5275 
5152 -8135 -7855 
-8381 -9879 -201 
8448 7568 -6494 
-6177 -4439 9435 
-7524 8074 -3332 
3442 2721 19 
-8000 3636 -1618 
-8661 -4115 1338 
-3862 -5472 5758 
-7274 -8740 6885 
2910 -7586 491 
8066 -2748 2625 
4004 -4501 7957 
7831 -8193 5880 
-5646 8810 8329 
-1939 2177 1940 
-2355 -5261 -9136 
-2049 7648 7691 
9558 2532 7698 
2987 3090 3647 
-1108 -6364 5701 
-7409 -9134 -937 
-3981 -8101 -5892 
8924 3218 -8682 
4080 5807 -6662 
7541 -483 3350 
-8991 -3309 -4844 
3525 -5462 6164 
6418 -5999 -8199 
-1216 -5957 -7158 
-3247 7647 1503 
-1324 -4410 6311 
-5438 -5454 8531 
5129 -5422 1687 
-5568 -6708 -6159 
-5031 -8128 -8888 
8135 -3817 4559 
4748 -7143 -199 
3479 -8616 4037 
-945 -6544 6615 
-2868 -590 -9016 
-5414 -6324 500 
9641 8155 8406 
319 6824 -1670 
-5202 -8198 -6310 
3965 3294 -9681 
4014 9641 1450 
-9197 -6741 2803 
577 25 5235 
-5312 8193 643 
1258 1724 -8730 
-3964 -1891 -3590 
297 5354 6024 
2198 7069 -4539 
3653 4346 7075 
-8441 -4934 -9699 
-6122 -8532 -2521 
2136 -7484 9772 
-4280 -8101 -7719 
-849 -8019 8745 
3673 -7957 4267 
-15 -5491 824 
724 -9329 -7155 
-297 -9328 -8821 
2579 -115 -6578 
597 -8822 -9284 
-9310 5514 -7919 
9213 4132 -7402 
-9944 -149 612 
5429 3834 -273 
728 8677 8194 
8914 5140 -2840 
9401 -5718 6800 
3778 -9987 -1998 
215 7169 -9653 
-4647 6005 5676 
-2862 9817 -6200 
2508 6844 -6907 
7439 7297 -8057 
8007 -9093 6055 
-4905 -5048 5243 
50 4753 -5550 
3031 -659 -6926 
9204 3992 -9338 
-3835 7943 -7910 
8015 -738 -157 
-927 -6360 -9889 
-9563 -9649 -238 
3595 3256 1021 
-3750 7152 -5949 
8884 -4039 6063 
-31 -7187 -5697 
-5674 151 -2225 
245 -9379 4874 
-2282 4063 4115 
7732 8658 -4370 
-3967 8276 -2726 
-257 8322 -9720 
-2737 -7060 8351 
1615 7137 5756 
-9770 7313 -2414 
4276 -1109 5719 
-5375 -8267 -4981 
-8616 3052 5576 
6008 -8177 5609 
3264 5299 3162 
9452 8972 307 
9256 -3903 4472 
-3075 651 -4481 
-804 9283 -5739 
5691 -1679 -4969 
6559 -4862 4846 
3963 5094 -1729 
4693 -7512 8942 
-3855 1477 3453 
-5499 -6094 -6291 
-2782 -3952 3241 
5825 5903 5097 
7861 2823 -8429 
4943 5686 -1287 
1104 -5734 6774 
-4111 3934 8988 
-8256 4777 -5038 
-5331 -9733 -862 
-4753 4225 3611 
-701 2731 -4436 
-8553 -1194 -6764 
152 -286 -5279 
4163 7707 -901 
-6254 -3158 7966 
7990 6708 -5440 
375 -1693 -1011 
2071 7860 -8231 
-1988 5130 -2632 
1569 713 8298 
-7024 1177 5631 
7405 3942 -1944 
-7529 -3457 -8124 
5013 -4478 9677 
-8622 8332 4918 
5886 -6038 4149 
-8638 6563 3554 
-3284 4549 4743 
